301 195 3
301 204 3
301 269 3
301 283 2
301 318 3
301 423 3
301 481 2
301 515 3
302 242 4
302 268 3
302 286 4
302 300 3
302 304 3
302 313 3
302 315 2
302 316 3
302 875 2
303 258 5
303 294 5
303 300 5
303 301 5
303 305 5
303 306 5
303 319 5
303 325 5
303 332 5
303 333 5
303 340 5
303 343 5
304 136 4
304 172 5
304 193 4
304 237 5
304 245 5
304 286 5
304 480 4
304 566 4
304 603 5
304 606 4
304 705 4
305 87 5
305 204 5
305 288 5
305 327 5
305 427 5
305 651 5
305 655 5
306 1 4
306 50 5
306 127 5
306 151 4
306 252 3
306 255 3
306 748 4
306 924 3
307 111 4
307 121 4
307 125 4
307 181 5
307 220 4
307 252 3
307 258 5
307 298 4
307 300 5
307 458 3
307 546 3
307 815 3
307 926 3
308 336 4
308 353 5
308 751 4
308 873 3
308 879 4
309 268 5
309 270 5
309 292 5
309 300 5
309 302 5
309 313 5
309 335 3
309 343 4
309 346 5
309 682 4
309 689 5
309 895 3
310 21 2
310 94 4
310 181 4
310 258 5
310 300 5
310 473 3
310 596 3
311 1 4
311 50 5
311 151 4
311 259 4
311 269 5
311 272 5
311 300 5
311 736 4
312 1 5
312 9 5
312 100 5
312 129 4
312 268 5
312 276 4
312 410 4
312 475 4
312 740 4
313 243 3
313 286 4
313 289 3
313 310 3
313 311 3
313 313 4
313 323 3
313 332 3
313 748 2
314 288 5
314 300 5
314 313 5
314 319 5
314 326 4
314 333 4
314 538 4
315 117 5
315 125 5
315 243 5
315 245 5
315 288 5
315 301 5
315 304 5
315 326 5
315 339 5
315 340 5
315 410 5
315 748 5
315 988 4
316 14 5
316 25 5
316 286 5
316 313 5
316 319 4
316 321 5
316 676 4
317 272 5
317 340 5
317 345 4
317 690 5
317 902 3
318 22 5
318 258 5
318 269 5
318 286 5
318 288 5
318 301 5
318 311 5
318 313 5
318 515 5
318 525 5
318 538 3
318 882 5
319 271 4
319 288 4
319 289 3
319 301 4
319 310 4
319 322 3
319 338 3
319 538 3
319 682 3
319 690 3
319 877 3
319 989 3
320 258 5
320 262 4
320 268 4
320 269 5
320 271 4
320 305 4
320 307 3
320 325 3
320 333 3
320 689 4
320 890 3
321 150 5
321 151 5
321 191 5
321 194 5
321 198 5
321 205 4
321 222 5
321 237 5
321 276 5
321 288 5
321 455 4
321 514 5
321 538 5
321 902 4
322 7 4
322 21 2
322 24 3
322 125 3
322 222 4
322 405 3
322 410 2
322 685 3
322 849 3
323 100 5
323 257 5
323 261 4
323 288 5
323 294 5
323 328 5
323 456 5
323 881 4
324 245 2
324 258 4
324 289 2
324 322 2
324 323 2
324 328 3
324 680 2
324 879 2
325 237 3
325 259 2
325 275 4
325 278 2
325 300 3
325 313 3
325 328 3
325 343 3
325 681 5
325 682 1
325 742 3
325 895 2
326 13 4
326 14 5
326 150 5
326 235 4
326 242 5
326 269 5
326 286 5
326 287 4
326 321 5
326 476 4
326 756 4
327 286 5
327 304 4
327 331 4
327 333 4
327 334 4
327 690 4
328 251 4
328 257 4
328 258 5
328 304 4
328 740 3
328 748 4
328 845 4
329 264 4
329 271 4
329 299 4
329 300 5
329 322 3
329 326 4
329 328 4
329 350 4
329 354 4
329 879 4
330 259 4
330 269 5
330 301 5
330 313 5
330 333 5
330 338 4
330 689 4
330 750 5
330 751 5
330 879 5
330 880 4
331 1 5
331 5 5
331 7 5
331 8 5
331 9 5
331 11 5
331 12 5
331 22 5
331 31 5
331 38 5
331 44 5
331 53 5
331 54 5
331 56 5
331 70 5
331 73 5
331 77 5
331 79 5
331 82 5
331 95 5
331 96 5
331 97 5
331 98 5
331 105 5
331 106 5
331 117 5
331 118 5
331 120 5
331 121 5
331 122 5
331 123 5
331 125 5
331 144 5
331 148 5
331 156 5
331 159 5
331 172 5
331 174 5
331 181 5
331 182 5
331 195 5
331 204 5
331 210 5
331 218 5
331 222 5
331 228 5
331 229 5
331 230 5
331 232 5
331 233 5
331 234 5
331 235 5
331 237 5
331 240 5
331 249 5
331 252 5
331 255 5
331 257 5
331 258 5
331 264 5
331 265 5
331 271 5
331 273 5
331 282 5
331 288 5
331 291 5
331 293 5
331 294 5
331 295 5
331 298 5
331 300 5
331 307 5
331 313 5
331 323 5
331 326 5
331 327 5
331 328 5
331 333 5
331 342 5
331 354 5
331 356 5
331 369 5
331 370 5
331 405 5
331 406 5
331 409 5
331 410 5
331 431 5
331 449 5
331 450 5
331 451 5
331 470 5
331 546 5
331 566 5
331 597 5
331 628 5
331 651 5
331 660 5
331 673 5
331 679 5
331 682 5
331 684 5
331 693 5
331 696 5
331 717 5
331 728 5
331 742 5
331 746 5
331 756 5
331 763 5
331 770 5
331 815 5
331 824 5
331 827 5
331 831 4
331 833 5
331 840 5
331 841 5
331 845 5
331 866 5
331 871 5
331 879 5
331 928 5
331 931 4
331 934 5
331 975 5
331 978 4
331 982 4
331 983 4
332 66 3
332 88 4
332 98 4
332 100 5
332 168 4
332 174 5
332 186 4
332 276 4
332 435 4
332 513 4
332 739 3
332 748 3
332 873 1
333 4 5
333 7 5
333 8 5
333 9 5
333 12 5
333 13 5
333 19 4
333 20 4
333 22 5
333 23 5
333 28 5
333 42 5
333 50 5
333 52 4
333 56 5
333 58 4
333 59 5
333 61 4
333 68 5
333 69 5
333 72 4
333 73 5
333 74 2
333 77 4
333 79 5
333 81 4
333 82 5
333 83 5
333 86 5
333 89 5
333 91 4
333 93 5
333 95 5
333 98 5
333 100 5
333 111 5
333 115 5
333 116 5
333 117 5
333 124 5
333 125 5
333 127 5
333 131 5
333 132 5
333 134 5
333 135 5
333 143 5
333 150 5
333 151 5
333 153 5
333 154 5
333 155 4
333 160 4
333 163 5
333 164 5
333 168 5
333 169 5
333 170 5
333 171 5
333 172 5
333 173 5
333 174 5
333 175 5
333 176 5
333 179 5
333 181 5
333 182 5
333 183 5
333 185 5
333 186 5
333 191 5
333 196 5
333 197 5
333 200 5
333 203 5
333 204 5
333 207 4
333 210 5
333 213 5
333 216 5
333 217 4
333 220 5
333 221 5
333 222 5
333 223 5
333 224 5
333 225 4
333 227 5
333 228 5
333 229 4
333 230 5
333 231 4
333 235 4
333 237 5
333 238 5
333 239 5
333 244 5
333 245 5
333 248 4
333 250 5
333 255 5
333 258 5
333 265 5
333 268 5
333 269 5
333 272 5
333 275 5
333 276 5
333 277 4
333 282 5
333 283 5
333 285 5
333 286 5
333 287 4
333 288 5
333 289 5
333 293 5
333 297 5
333 300 5
333 301 5
333 302 5
333 303 5
333 305 5
333 306 5
333 310 5
333 311 4
333 312 5
333 315 5
333 316 5
333 317 5
333 318 5
333 319 5
333 322 4
333 324 5
333 326 5
333 328 5
333 333 5
333 337 5
333 338 4
333 340 5
333 345 5
333 346 4
333 347 5
333 371 5
333 387 4
333 396 5
333 405 5
333 408 5
333 421 5
333 423 5
333 425 4
333 427 5
333 428 5
333 429 5
333 430 5
333 433 5
333 436 5
333 443 5
333 449 5
333 450 3
333 461 4
333 462 5
333 474 5
333 476 4
333 481 4
333 483 5
333 484 5
333 488 5
333 494 4
333 498 5
333 500 5
333 502 5
333 505 4
333 506 4
333 508 5
333 510 5
333 512 4
333 514 5
333 515 5
333 521 5
333 525 5
333 529 5
333 531 5
333 537 4
333 553 4
333 558 5
333 566 5
333 569 3
333 577 5
333 582 5
333 591 5
333 603 5
333 606 5
333 607 3
333 608 4
333 620 4
333 628 5
333 629 5
333 631 4
333 635 4
333 640 4
333 642 4
333 652 5
333 655 5
333 657 5
333 658 4
333 663 5
333 675 5
333 684 5
333 689 5
333 693 4
333 707 4
333 708 5
333 709 5
333 710 5
333 712 5
333 716 5
333 736 5
333 740 5
333 742 5
333 744 5
333 746 5
333 753 5
333 762 4
333 792 5
333 815 4
333 840 4
333 845 4
333 846 5
333 855 4
333 856 5
333 865 5
333 870 4
333 877 4
333 879 5
333 886 5
333 887 5
333 888 4
333 896 5
333 899 4
333 902 5
333 905 4
333 931 3
333 936 4
333 937 5
333 945 5
333 950 3
333 955 4
333 961 5
333 969 3
334 258 5
334 260 3
334 269 5
334 300 4
334 313 5
334 322 3
334 323 3
334 324 4
334 342 3
334 347 4
334 902 3
335 3 3
335 4 4
335 13 4
335 15 5
335 33 4
335 41 3
335 42 4
335 49 3
335 56 5
335 63 3
335 66 3
335 67 3
335 70 3
335 88 4
335 90 3
335 105 3
335 111 4
335 117 4
335 122 2
335 124 5
335 125 4
335 151 4
335 153 4
335 154 4
335 158 3
335 168 4
335 186 4
335 202 4
335 204 4
335 208 4
335 216 4
335 232 3
335 237 4
335 239 4
335 275 5
335 276 4
335 282 4
335 288 5
335 290 3
335 367 3
335 383 2
335 388 3
335 395 2
335 399 4
335 401 2
335 405 4
335 410 3
335 451 4
335 475 5
335 546 3
335 571 1
335 575 2
335 577 3
335 619 3
335 628 4
335 692 4
335 710 3
335 722 3
335 732 3
335 738 3
335 742 4
335 763 4
335 781 3
335 785 3
335 790 3
335 796 3
335 824 3
335 845 4
335 859 1
335 864 3
335 926 3
335 959 4
335 998 3
335 999 4
336 15 5
336 106 4
336 121 5
336 127 5
336 135 5
336 222 5
336 228 4
336 235 4
336 371 5
336 380 5
336 392 4
336 449 4
336 515 5
336 520 5
336 636 4
336 742 5
336 831 3
336 879 5
337 1 5
337 56 5
337 79 5
337 83 5
337 100 5
337 132 5
337 133 5
337 134 5
337 135 5
337 168 5
337 170 5
337 175 5
337 189 5
337 194 5
337 196 5
337 197 5
337 208 5
337 211 5
337 212 4
337 215 5
337 269 5
337 286 5
337 294 5
337 306 5
337 408 5
337 427 5
337 435 5
337 443 5
337 462 5
337 474 5
337 480 5
337 483 5
337 484 5
337 486 5
337 490 5
337 494 4
337 498 5
337 511 5
337 513 5
337 514 5
337 516 5
337 523 5
337 525 5
337 603 5
337 604 5
337 606 5
337 607 4
337 613 5
337 650 4
337 654 5
337 663 5
337 708 4
337 792 4
337 945 4
338 1 5
338 4 5
338 5 4
338 7 5
338 11 5
338 12 5
338 22 5
338 23 5
338 25 5
338 28 5
338 29 3
338 30 4
338 32 5
338 42 5
338 45 5
338 47 4
338 50 5
338 55 5
338 58 4
338 64 5
338 65 5
338 67 4
338 69 5
338 73 4
338 74 1
338 76 4
338 79 5
338 80 4
338 81 4
338 86 5
338 88 5
338 89 5
338 91 4
338 97 4
338 98 5
338 100 5
338 101 3
338 117 5
338 121 5
338 124 5
338 126 5
338 127 5
338 130 4
338 131 4
338 132 5
338 133 4
338 134 5
338 135 5
338 136 4
338 139 4
338 144 5
338 145 3
338 150 5
338 151 5
338 153 5
338 154 5
338 156 5
338 159 5
338 160 4
338 161 4
338 163 5
338 167 4
338 168 5
338 170 5
338 173 5
338 174 5
338 175 5
338 179 4
338 180 5
338 181 5
338 182 5
338 183 5
338 185 5
338 186 5
338 188 4
338 190 5
338 191 5
338 192 5
338 194 5
338 195 5
338 196 5
338 197 5
338 198 5
338 199 5
338 203 5
338 204 5
338 205 4
338 208 5
338 209 5
338 214 4
338 222 5
338 226 4
338 227 4
338 228 5
338 231 3
338 233 4
338 234 5
338 235 4
338 238 5
338 240 5
338 248 5
338 257 5
338 258 5
338 265 5
338 269 5
338 270 5
338 276 5
338 286 5
338 288 5
338 298 5
338 302 5
338 317 4
338 327 5
338 347 5
338 357 5
338 380 5
338 402 4
338 403 4
338 404 4
338 410 5
338 411 5
338 415 3
338 423 5
338 427 5
338 428 5
338 431 5
338 433 5
338 435 5
338 436 5
338 447 5
338 451 4
338 461 5
338 469 4
338 474 5
338 475 5
338 478 5
338 479 5
338 483 5
338 484 5
338 485 5
338 488 4
338 496 5
338 503 3
338 508 5
338 509 4
338 511 5
338 514 5
338 515 5
338 516 5
338 521 5
338 522 5
338 523 5
338 525 5
338 528 5
338 530 4
338 546 5
338 549 4
338 550 4
338 566 4
338 568 4
338 573 3
338 582 5
338 589 4
338 603 5
338 607 4
338 614 5
338 631 4
338 636 4
338 637 5
338 640 5
338 642 4
338 649 4
338 650 4
338 655 5
338 657 4
338 661 5
338 663 5
338 673 5
338 675 4
338 678 5
338 693 4
338 702 4
338 709 5
338 719 3
338 737 5
338 739 4
338 770 4
338 772 5
338 806 5
338 823 5
338 845 5
338 856 4
338 939 5
338 942 5
338 961 5
339 1 5
339 15 5
339 50 5
339 66 4
339 71 4
339 143 4
339 173 4
339 174 5
339 186 4
339 199 5
339 204 4
339 205 4
339 215 4
339 265 4
339 274 4
339 417 3
339 418 3
339 423 4
339 435 4
339 502 4
339 504 5
339 520 5
339 526 4
339 584 3
339 588 4
339 946 4
340 3 3
340 4 4
340 7 5
340 8 4
340 11 4
340 13 4
340 15 5
340 23 4
340 25 4
340 26 2
340 28 5
340 32 4
340 47 3
340 56 5
340 58 3
340 68 3
340 92 3
340 93 4
340 95 4
340 98 5
340 100 5
340 108 3
340 111 4
340 122 3
340 123 4
340 124 5
340 125 4
340 131 3
340 132 4
340 133 4
340 134 4
340 135 5
340 143 4
340 144 4
340 156 5
340 160 3
340 174 5
340 175 4
340 179 4
340 188 4
340 189 5
340 191 4
340 192 4
340 193 4
340 194 4
340 196 4
340 197 5
340 204 4
340 208 4
340 212 3
340 216 4
340 220 3
340 223 4
340 237 4
340 238 4
340 240 4
340 248 4
340 251 3
340 255 4
340 257 5
340 262 4
340 274 3
340 276 4
340 282 5
340 287 3
340 288 5
340 289 4
340 294 4
340 297 4
340 298 5
340 301 5
340 319 4
340 320 5
340 326 5
340 327 5
340 357 5
340 367 3
340 378 4
340 381 4
340 382 3
340 408 5
340 410 3
340 412 3
340 421 5
340 423 4
340 427 4
340 433 4
340 461 4
340 478 4
340 482 4
340 483 5
340 487 4
340 496 4
340 499 3
340 508 4
340 517 3
340 518 3
340 531 4
340 535 2
340 544 4
340 547 3
340 574 3
340 581 3
340 584 3
340 591 4
340 606 3
340 607 3
340 654 4
340 655 4
340 656 3
340 657 4
340 663 4
340 699 3
340 723 3
340 724 4
340 732 3
340 746 4
340 762 4
340 764 3
340 772 4
340 789 4
340 792 4
340 818 2
340 844 4
340 846 3
340 866 4
340 873 3
340 875 3
340 928 3
340 950 2
340 952 4
340 965 3
340 974 3
340 975 4
341 1 4
341 3 2
341 4 4
341 7 4
341 8 4
341 9 4
341 10 3
341 11 4
341 20 3
341 23 4
341 25 4
341 26 3
341 28 5
341 38 4
341 42 4
341 44 4
341 47 3
341 50 5
341 52 3
341 53 3
341 55 4
341 56 5
341 57 4
341 58 3
341 62 3
341 63 4
341 65 4
341 66 3
341 67 3
341 68 3
341 69 4
341 76 3
341 77 3
341 79 4
341 81 3
341 82 4
341 83 4
341 86 4
341 87 4
341 88 4
341 89 4
341 90 3
341 97 4
341 98 5
341 100 5
341 117 4
341 118 4
341 121 4
341 124 4
341 127 5
341 130 1
341 132 4
341 134 4
341 135 4
341 137 4
341 143 4
341 144 5
341 147 4
341 153 5
341 154 4
341 155 3
341 156 4
341 159 4
341 163 4
341 164 4
341 168 4
341 169 5
341 174 5
341 176 4
341 177 4
341 179 4
341 186 4
341 187 5
341 188 4
341 189 5
341 191 4
341 193 3
341 194 4
341 196 4
341 197 4
341 199 4
341 200 3
341 208 4
341 211 4
341 214 3
341 223 4
341 228 4
341 229 3
341 231 3
341 234 4
341 235 3
341 236 2
341 237 4
341 238 4
341 241 4
341 250 4
341 257 5
341 265 4
341 269 5
341 275 4
341 276 4
341 277 4
341 288 5
341 297 5
341 302 5
341 303 5
341 306 5
341 318 5
341 324 4
341 333 5
341 334 3
341 357 5
341 358 4
341 367 3
341 371 3
341 375 5
341 382 3
341 385 4
341 405 4
341 408 4
341 410 4
341 423 5
341 427 5
341 429 4
341 435 5
341 449 4
341 458 4
341 461 3
341 462 4
341 463 4
341 471 4
341 473 4
341 474 5
341 476 3
341 483 5
341 498 5
341 499 3
341 510 4
341 515 5
341 521 4
341 523 5
341 527 4
341 530 4
341 536 3
341 546 3
341 555 3
341 559 2
341 561 2
341 568 4
341 569 2
341 581 3
341 582 3
341 606 3
341 614 4
341 631 3
341 642 3
341 654 3
341 655 4
341 657 4
341 660 4
341 684 4
341 702 3
341 703 3
341 708 3
341 712 3
341 724 4
341 727 3
341 729 3
341 739 3
341 744 4
341 747 3
341 778 4
341 786 1
341 792 3
341 919 4
341 921 3
341 930 4
341 931 2
341 943 3
341 950 2
341 951 2
341 961 4
341 980 2
342 1 5
342 4 4
342 5 3
342 7 5
342 8 5
342 9 5
342 11 5
342 13 4
342 14 5
342 22 5
342 25 4
342 26 3
342 39 4
342 45 4
342 58 4
342 70 4
342 73 4
342 79 5
342 86 5
342 87 5
342 88 4
342 89 5
342 95 4
342 96 5
342 97 5
342 98 5
342 106 3
342 111 4
342 118 4
342 119 4
342 122 2
342 124 5
342 125 4
342 127 5
342 129 4
342 132 5
342 137 5
342 148 4
342 169 5
342 172 5
342 174 5
342 175 5
342 176 5
342 181 5
342 183 5
342 190 5
342 191 5
342 195 5
342 196 4
342 198 4
342 202 4
342 203 4
342 204 4
342 208 5
342 210 5
342 213 4
342 215 5
342 216 4
342 222 4
342 228 5
342 235 3
342 237 4
342 244 4
342 245 4
342 246 5
342 248 4
342 251 5
342 255 4
342 269 5
342 272 5
342 274 4
342 275 5
342 276 5
342 278 3
342 280 4
342 281 4
342 283 4
342 284 3
342 285 5
342 286 5
342 288 5
342 291 4
342 295 5
342 297 3
342 298 4
342 301 5
342 304 5
342 306 5
342 311 4
342 313 5
342 315 5
342 316 5
342 322 4
342 357 5
342 372 4
342 385 4
342 405 4
342 433 4
342 451 4
342 459 5
342 462 5
342 471 4
342 472 3
342 476 3
342 477 3
342 478 5
342 479 5
342 486 4
342 487 5
342 494 4
342 508 4
342 509 4
342 511 5
342 516 4
342 535 3
342 537 4
342 559 3
342 562 3
342 568 4
342 597 3
342 619 3
342 647 4
342 660 4
342 663 4
342 678 4
342 684 4
342 694 4
342 696 4
342 707 4
342 708 4
342 709 4
342 713 4
342 716 3
342 742 4
342 751 4
342 764 2
342 815 3
342 844 5
342 845 4
342 864 3
342 896 4
342 926 3
342 928 3
342 955 4
343 1 5
343 4 5
343 9 5
343 11 5
343 13 5
343 14 5
343 15 5
343 25 5
343 26 5
343 28 5
343 33 5
343 43 5
343 44 5
343 48 5
343 49 4
343 50 5
343 51 5
343 64 5
343 65 5
343 66 5
343 69 5
343 70 5
343 71 5
343 77 5
343 79 5
343 81 5
343 87 5
343 88 5
343 93 5
343 98 5
343 100 5
343 111 5
343 118 5
343 121 5
343 124 5
343 125 5
343 126 5
343 131 5
343 132 5
343 137 5
343 143 5
343 148 5
343 151 5
343 170 5
343 172 5
343 173 5
343 174 5
343 191 5
343 196 5
343 197 5
343 202 5
343 204 5
343 216 5
343 220 4
343 221 5
343 223 5
343 226 5
343 234 5
343 235 5
343 237 5
343 239 5
343 241 5
343 245 5
343 246 5
343 255 5
343 258 5
343 262 5
343 269 5
343 272 5
343 274 5
343 278 4
343 280 5
343 282 5
343 283 5
343 284 5
343 285 5
343 287 5
343 288 5
343 289 5
343 291 4
343 294 5
343 295 5
343 298 5
343 300 5
343 302 5
343 303 5
343 305 5
343 311 5
343 312 5
343 313 5
343 315 5
343 317 5
343 323 5
343 325 5
343 332 5
343 333 5
343 356 5
343 365 5
343 367 5
343 378 5
343 381 5
343 382 5
343 387 5
343 402 5
343 403 5
343 405 5
343 416 5
343 433 5
343 443 5
343 451 5
343 461 5
343 464 5
343 471 5
343 473 5
343 476 5
343 479 5
343 481 5
343 485 5
343 498 5
343 508 5
343 518 5
343 534 5
343 550 5
343 559 4
343 566 5
343 568 5
343 582 5
343 588 5
343 620 4
343 639 5
343 651 5
343 655 5
343 660 5
343 676 5
343 696 5
343 702 5
343 708 5
343 709 5
343 715 5
343 716 5
343 722 4
343 724 5
343 732 5
343 736 5
343 737 5
343 738 3
343 739 5
343 742 5
343 744 5
343 747 5
343 748 5
343 772 5
343 781 5
343 845 5
343 846 4
343 866 5
343 879 5
343 886 5
343 903 5
343 919 5
343 949 5
343 955 5
343 956 5
343 972 5
343 988 5
344 2 4
344 3 4
344 4 5
344 7 5
344 11 5
344 12 5
344 17 3
344 22 5
344 29 3
344 31 4
344 33 4
344 38 3
344 50 5
344 53 4
344 54 3
344 55 5
344 56 5
344 62 4
344 64 5
344 67 4
344 72 4
344 76 3
344 83 5
344 89 5
344 91 4
344 92 4
344 94 4
344 97 5
344 98 5
344 100 5
344 110 2
344 117 5
344 120 2
344 121 5
344 127 5
344 132 5
344 133 5
344 134 5
344 141 4
344 143 4
344 144 5
344 147 5
344 153 5
344 157 4
344 158 4
344 161 4
344 167 4
344 168 5
344 172 5
344 173 5
344 174 5
344 176 5
344 180 5
344 181 5
344 183 5
344 184 4
344 186 5
344 187 5
344 188 5
344 203 4
344 204 5
344 210 5
344 211 5
344 213 5
344 215 4
344 216 5
344 218 5
344 219 3
344 232 3
344 234 5
344 240 4
344 245 5
344 250 5
344 259 4
344 265 5
344 273 5
344 276 5
344 288 5
344 291 5
344 293 5
344 294 5
344 300 5
344 302 5
344 318 5
344 322 5
344 325 5
344 333 5
344 358 5
344 366 4
344 369 3
344 375 2
344 385 4
344 391 3
344 392 4
344 394 1
344 403 4
344 405 5
344 415 3
344 431 4
344 455 4
344 470 4
344 496 5
344 518 5
344 520 5
344 541 4
344 546 4
344 549 4
344 550 5
344 561 3
344 569 3
344 572 3
344 576 3
344 578 4
344 582 5
344 597 4
344 616 5
344 636 3
344 642 4
344 657 5
344 669 2
344 673 4
344 684 5
344 685 5
344 708 5
344 712 4
344 727 4
344 732 4
344 739 4
344 742 5
344 743 2
344 746 4
344 748 5
344 780 4
344 785 3
344 802 4
344 809 4
344 831 3
344 842 3
344 879 5
344 944 3
344 959 4
344 967 3
344 977 3
345 1 4
345 7 4
345 12 4
345 15 4
345 17 3
345 22 4
345 24 3
345 25 4
345 28 4
345 31 3
345 50 4
345 55 4
345 56 4
345 65 4
345 68 3
345 69 4
345 70 4
345 73 3
345 76 3
345 79 4
345 82 4
345 85 3
345 87 4
345 91 3
345 96 4
345 97 4
345 98 4
345 99 4
345 117 4
345 118 3
345 125 4
345 127 4
345 137 4
345 151 4
345 156 4
345 157 4
345 158 3
345 159 4
345 163 3
345 164 3
345 168 4
345 172 4
345 173 4
345 174 4
345 176 4
345 177 4
345 181 4
345 182 4
345 183 4
345 187 4
345 188 3
345 192 4
345 195 4
345 200 3
345 202 4
345 203 4
345 204 4
345 208 4
345 215 4
345 216 4
345 222 4
345 223 4
345 226 3
345 227 3
345 230 3
345 233 3
345 235 3
345 239 3
345 240 3
345 241 3
345 245 4
345 252 3
345 258 5
345 268 4
345 271 4
345 276 4
345 280 3
345 286 5
345 290 3
345 291 3
345 293 4
345 294 4
345 298 4
345 300 5
345 317 4
345 318 5
345 323 4
345 324 4
345 328 5
345 333 5
345 356 3
345 369 2
345 371 4
345 385 3
345 386 2
345 392 3
345 403 4
345 404 4
345 405 3
345 410 3
345 416 3
345 423 4
345 432 4
345 460 2
345 462 4
345 465 3
345 468 3
345 470 3
345 471 4
345 472 3
345 475 4
345 501 4
345 508 4
345 544 3
345 550 3
345 568 4
345 588 4
345 595 3
345 597 3
345 609 3
345 655 4
345 660 4
345 685 3
345 686 4
345 689 4
345 692 3
345 699 4
345 721 2
345 735 4
345 742 4
345 763 3
345 806 4
345 819 2
345 820 3
345 827 3
345 829 3
345 831 2
345 841 2
345 871 3
345 879 4
345 928 3
345 930 2
345 943 3
345 959 4
345 977 3
345 982 2
346 7 5
346 25 4
346 107 5
346 118 5
346 121 5
346 123 4
346 126 5
346 147 5
346 225 5
346 240 4
346 243 4
346 245 5
346 276 5
346 288 5
346 291 4
346 294 5
346 368 3
346 370 3
346 405 5
346 406 2
346 411 3
346 412 3
346 472 4
346 473 4
346 477 4
346 546 4
346 628 4
346 756 4
346 819 3
346 831 3
346 834 3
346 924 4
346 926 3
346 934 4
346 974 4
346 975 4
346 988 4
347 9 4
347 15 4
347 20 4
347 100 5
347 118 3
347 125 3
347 237 4
347 276 4
347 411 3
347 412 2
347 455 3
347 458 3
347 471 3
347 475 4
347 544 3
347 596 3
347 847 4
348 23 4
348 50 4
348 89 4
348 132 4
348 133 3
348 136 4
348 168 4
348 172 4
348 173 4
348 174 4
348 179 4
348 183 4
348 193 3
348 204 4
348 210 4
348 211 3
348 214 3
348 228 4
348 271 4
348 324 4
348 435 4
348 479 4
348 480 4
348 483 4
348 489 4
348 515 4
348 530 4
348 589 3
348 604 3
348 616 3
348 654 4
348 657 4
349 286 5
349 288 5
349 289 5
349 292 5
349 301 5
349 310 5
349 311 5
349 312 5
349 313 5
349 323 5
349 326 5
349 332 5
349 340 5
349 341 5
349 343 4
349 359 3
349 538 5
349 748 5
349 751 5
349 754 5
349 873 4
349 879 5
349 880 5
349 984 4
349 989 4
349 990 5
350 4 4
350 7 5
350 39 4
350 79 4
350 89 4
350 92 4
350 96 5
350 100 5
350 129 4
350 144 5
350 156 4
350 173 5
350 176 4
350 181 5
350 182 4
350 183 5
350 194 5
350 195 5
350 216 5
350 228 5
350 234 5
350 273 5
350 302 5
350 385 4
350 568 4
350 653 4
350 692 4
350 746 4
351 272 5
351 300 5
351 301 5
351 327 5
351 328 5
351 331 5
351 332 4
351 340 5
351 343 4
351 346 5
351 358 5
351 750 5
351 905 4
352 7 4
352 9 4
352 19 3
352 25 4
352 32 4
352 42 3
352 47 3
352 50 5
352 52 4
352 57 4
352 58 3
352 59 4
352 60 3
352 61 3
352 66 3
352 70 3
352 79 4
352 83 4
352 86 4
352 87 4
352 88 3
352 93 4
352 98 4
352 109 3
352 116 4
352 124 4
352 131 3
352 133 4
352 134 4
352 135 4
352 136 4
352 137 4
352 143 3
352 149 2
352 151 4
352 152 3
352 153 3
352 154 3
352 155 2
352 162 3
352 166 2
352 168 4
352 171 4
352 174 5
352 175 4
352 180 4
352 186 4
352 189 3
352 190 4
352 191 4
352 193 4
352 197 4
352 199 4
352 202 3
352 208 3
352 209 4
352 211 4
352 213 3
352 216 4
352 238 3
352 241 3
352 242 5
352 246 4
352 248 3
352 251 4
352 255 4
352 257 4
352 258 5
352 268 5
352 269 5
352 270 4
352 272 5
352 275 4
352 276 5
352 281 3
352 285 4
352 287 4
352 297 3
352 303 4
352 305 5
352 306 5
352 308 5
352 311 3
352 313 5
352 318 4
352 321 5
352 344 5
352 381 3
352 382 4
352 387 3
352 414 3
352 419 3
352 421 4
352 423 4
352 428 4
352 429 4
352 435 4
352 462 4
352 463 3
352 464 5
352 473 3
352 478 4
352 479 4
352 480 4
352 483 4
352 485 3
352 487 4
352 489 3
352 494 3
352 496 4
352 497 3
352 498 4
352 507 4
352 508 4
352 509 4
352 511 5
352 513 4
352 515 4
352 516 3
352 518 4
352 520 3
352 528 5
352 529 4
352 531 3
352 533 4
352 582 3
352 584 3
352 602 4
352 603 4
352 604 3
352 605 2
352 606 3
352 607 3
352 629 4
352 631 3
352 638 4
352 650 3
352 651 4
352 652 3
352 657 4
352 659 4
352 660 4
352 661 5
352 692 3
352 694 4
352 699 3
352 702 2
352 705 3
352 707 3
352 709 3
352 716 3
352 732 3
352 733 5
352 735 4
352 736 4
352 737 3
352 740 4
352 753 4
352 792 4
352 811 3
352 847 3
352 855 3
352 863 3
352 865 5
352 882 5
352 889 4
352 900 4
352 904 4
352 929 3
352 953 3
352 955 3
352 956 4
352 958 3
352 962 2
353 260 5
353 264 5
353 271 5
353 306 5
353 307 4
353 328 5
353 358 5
353 681 5
353 882 4
354 300 4
354 307 3
354 312 3
354 316 4
354 326 3
354 331 3
354 689 3
354 748 3
354 937 3
355 1 5
355 7 5
355 10 5
355 24 4
355 105 3
355 111 5
355 118 4
355 123 4
355 125 5
355 126 5
355 150 5
355 151 5
355 220 4
355 222 5
355 235 4
355 237 5
355 245 4
355 270 5
355 273 5
355 274 4
355 275 5
355 280 4
355 284 5
355 287 5
355 291 4
355 304 5
355 322 4
355 334 4
355 405 4
355 407 3
355 455 4
355 456 3
355 471 5
355 472 4
355 473 5
355 476 4
355 546 4
355 595 4
355 597 4
355 685 4
355 687 3
355 713 5
355 742 5
355 760 3
355 819 4
355 820 4
355 831 3
355 833 4
355 866 4
355 932 3
355 984 4
356 8 4
356 132 4
356 179 3
356 213 4
356 324 5
356 357 4
356 382 3
356 469 3
356 482 3
356 511 4
356 529 3
356 558 4
356 582 3
356 584 3
356 639 3
356 643 3
356 855 3
356 896 5
356 918 5
357 1 4
357 7 5
357 118 3
357 181 5
357 250 3
357 268 5
357 286 5
357 295 4
357 298 4
357 313 5
357 405 3
357 408 5
357 455 4
357 472 3
357 748 4
358 1 4
358 10 3
358 13 3
358 14 4
358 23 5
358 25 4
358 28 4
358 45 3
358 50 5
358 56 4
358 64 5
358 79 4
358 116 5
358 134 4
358 157 4
358 165 4
358 166 3
358 170 3
358 172 5
358 174 5
358 181 5
358 187 4
358 191 4
358 194 4
358 195 4
358 197 4
358 199 4
358 205 4
358 207 3
358 210 4
358 222 5
358 237 4
358 238 4
358 242 5
358 248 4
358 251 4
358 269 5
358 271 4
358 275 4
358 284 3
358 286 5
358 297 3
358 302 5
358 303 5
358 304 4
358 306 5
358 308 4
358 309 1
358 321 4
358 326 5
358 328 5
358 334 3
358 357 4
358 405 4
358 423 4
358 479 4
358 515 4
358 521 4
358 523 4
358 588 4
358 654 4
358 661 4
358 663 4
358 735 4
358 744 4
358 845 3
358 933 3
358 936 5
358 963 4
359 12 5
359 14 5
359 23 5
359 26 4
359 53 4
359 55 5
359 56 5
359 59 5
359 60 5
359 66 4
359 79 5
359 83 5
359 86 5
359 88 4
359 90 3
359 97 5
359 98 5
359 100 5
359 111 5
359 129 5
359 148 5
359 150 5
359 156 5
359 166 4
359 168 5
359 170 5
359 173 5
359 176 5
359 178 5
359 179 5
359 183 5
359 185 5
359 186 5
359 190 5
359 197 5
359 203 5
359 204 5
359 207 5
359 212 3
359 216 5
359 218 5
359 222 5
359 228 5
359 234 5
359 237 5
359 238 5
359 258 5
359 269 5
359 273 5
359 274 5
359 275 5
359 276 5
359 286 5
359 340 5
359 387 4
359 421 5
359 430 5
359 435 5
359 451 4
359 466 5
359 475 5
359 498 5
359 502 5
359 504 5
359 513 5
359 514 5
359 517 4
359 524 5
359 525 5
359 531 5
359 611 4
359 639 3
359 654 5
359 657 5
359 659 5
359 673 5
359 684 5
359 694 5
359 705 5
359 709 4
359 737 3
359 739 4
359 742 5
359 762 4
359 770 5
359 781 4
359 794 3
359 813 5
359 934 5
359 949 3
360 245 2
360 258 4
360 288 4
360 294 3
360 300 3
360 302 4
360 312 3
360 328 3
360 350 3
361 1 4
361 2 3
361 4 4
361 5 3
361 7 5
361 9 5
361 11 4
361 22 4
361 29 2
361 32 3
361 37 1
361 38 3
361 44 3
361 47 3
361 50 5
361 55 4
361 56 4
361 58 3
361 62 3
361 65 3
361 66 3
361 67 3
361 68 3
361 70 3
361 71 3
361 72 3
361 73 3
361 77 3
361 79 4
361 81 3
361 82 3
361 87 4
361 88 3
361 89 4
361 90 2
361 91 3
361 93 4
361 95 3
361 96 4
361 97 3
361 98 4
361 101 2
361 102 2
361 114 5
361 117 5
361 120 2
361 121 4
361 128 3
361 134 3
361 137 5
361 144 4
361 145 1
361 151 4
361 152 3
361 154 4
361 155 2
361 156 4
361 159 4
361 161 3
361 163 3
361 164 3
361 169 5
361 171 3
361 172 4
361 173 4
361 174 5
361 179 3
361 182 4
361 183 4
361 184 3
361 186 4
361 187 4
361 188 3
361 189 4
361 193 3
361 195 4
361 196 4
361 200 3
361 201 3
361 204 4
361 206 2
361 208 4
361 210 4
361 212 3
361 215 3
361 216 4
361 217 2
361 218 3
361 222 5
361 226 4
361 227 3
361 228 4
361 229 3
361 231 2
361 234 4
361 235 4
361 237 5
361 248 4
361 250 4
361 258 5
361 264 4
361 265 4
361 270 5
361 271 4
361 282 5
361 283 5
361 284 4
361 288 5
361 290 4
361 293 5
361 298 5
361 307 5
361 315 5
361 316 5
361 317 3
361 322 5
361 325 5
361 328 5
361 333 5
361 336 4
361 346 5
361 347 5
361 350 5
361 351 4
361 366 2
361 370 4
361 380 4
361 387 4
361 391 2
361 393 3
361 402 3
361 403 3
361 405 4
361 408 5
361 417 2
361 423 4
361 426 3
361 428 4
361 429 3
361 431 3
361 433 3
361 443 3
361 444 4
361 448 3
361 449 3
361 451 3
361 461 3
361 469 4
361 472 4
361 473 3
361 474 4
361 505 3
361 506 3
361 511 4
361 523 4
361 531 4
361 537 4
361 546 4
361 550 4
361 552 2
361 554 2
361 555 2
361 559 2
361 561 1
361 566 3
361 568 3
361 569 2
361 571 2
361 572 2
361 575 3
361 578 3
361 588 3
361 590 2
361 591 5
361 597 4
361 603 4
361 616 4
361 625 2
361 631 3
361 640 3
361 650 3
361 651 4
361 653 3
361 658 3
361 660 3
361 665 3
361 673 3
361 675 3
361 678 4
361 679 3
361 682 3
361 685 4
361 691 5
361 698 2
361 699 3
361 707 3
361 709 4
361 710 3
361 719 4
361 735 3
361 741 4
361 742 5
361 746 3
361 747 3
361 752 4
361 760 2
361 761 2
361 767 2
361 774 2
361 778 3
361 792 3
361 802 2
361 805 3
361 809 4
361 816 2
361 825 4
361 831 4
361 854 2
361 859 1
361 895 4
361 906 5
361 933 3
361 940 1
361 946 2
361 959 3
361 979 4
362 288 5
362 289 5
362 319 5
362 321 5
362 875 5
362 988 5
363 1 3
363 7 4
363 13 3
363 25 3
363 109 3
363 124 3
363 125 3
363 137 3
363 150 3
363 151 3
363 222 4
363 258 4
363 268 3
363 271 2
363 272 3
363 275 3
363 277 2
363 285 3
363 287 3
363 288 3
363 294 3
363 301 3
363 309 3
363 315 4
363 316 4
363 321 3
363 326 4
363 352 5
363 473 3
363 476 1
363 591 3
363 742 3
363 813 2
363 846 3
363 894 2
363 908 1
363 948 2
363 995 3
364 98 5
364 164 4
364 184 4
364 201 5
364 217 3
364 218 4
364 219 3
364 234 5
364 413 3
364 445 4
364 448 3
364 559 3
364 561 2
364 672 3
364 853 4
364 854 3
364 860 2
365 5 4
365 17 4
365 50 5
365 53 5
365 56 5
365 98 5
365 145 3
365 176 5
365 179 5
365 183 5
365 184 5
365 200 5
365 201 5
365 218 5
365 234 5
365 246 5
365 250 5
365 258 5
365 288 5
365 302 5
365 324 5
365 326 5
365 333 5
365 379 5
365 406 4
365 413 4
365 436 5
365 441 3
365 443 5
365 448 5
365 452 4
365 559 4
365 567 3
365 637 5
365 665 5
365 670 5
365 672 4
365 760 3
365 769 4
365 800 4
365 919 5
366 11 5
366 17 4
366 56 5
366 89 5
366 98 5
366 100 5
366 127 5
366 181 5
366 184 4
366 201 4
366 217 3
366 218 4
366 234 5
366 313 5
366 320 5
366 379 3
366 396 4
366 561 4
366 567 2
366 569 3
366 637 4
366 670 4
366 672 3
366 774 3
367 50 5
367 166 5
367 172 5
367 179 5
367 181 5
367 243 5
367 346 5
367 358 4
367 890 3
367 988 4
368 12 5
368 22 5
368 31 3
368 42 3
368 50 5
368 56 5
368 98 5
368 114 5
368 116 5
368 134 4
368 135 5
368 136 4
368 153 4
368 172 5
368 174 5
368 175 4
368 176 5
368 181 5
368 183 5
368 193 4
368 195 5
368 209 4
368 210 5
368 222 5
368 257 5
368 265 5
368 269 5
368 285 5
368 294 5
368 321 5
368 323 4
368 423 5
368 425 4
368 433 4
368 443 4
368 480 4
368 484 5
368 493 4
368 494 3
368 497 4
368 511 5
368 514 4
368 525 4
368 603 4
368 604 4
368 607 3
368 608 4
368 613 3
368 657 4
368 659 4
368 661 4
368 705 4
368 856 4
368 923 4
369 1 5
369 22 5
369 24 5
369 50 5
369 55 5
369 64 5
369 69 5
369 77 5
369 97 5
369 98 5
369 117 5
369 174 5
369 175 5
369 177 5
369 179 5
369 180 5
369 181 5
369 183 5
369 194 5
369 197 5
369 210 5
369 237 5
369 265 5
369 393 5
369 431 5
369 435 5
369 443 5
369 449 5
369 452 4
369 523 5
369 627 4
369 655 5
369 746 5
370 5 5
370 12 5
370 23 5
370 44 5
370 56 5
370 77 5
370 79 5
370 98 5
370 100 5
370 129 5
370 148 5
370 159 5
370 176 5
370 185 5
370 200 5
370 201 5
370 218 5
370 219 4
370 262 5
370 288 5
370 299 5
370 322 5
370 325 5
370 327 5
370 332 5
370 436 5
370 441 4
370 443 5
370 446 4
370 447 5
370 547 5
370 561 4
370 574 4
370 595 5
370 628 5
370 637 4
370 649 5
370 672 4
370 674 4
370 678 5
370 874 5
370 875 5
371 2 5
371 4 5
371 12 5
371 15 5
371 20 5
371 22 5
371 24 5
371 25 5
371 28 5
371 31 5
371 48 5
371 50 5
371 58 5
371 64 5
371 66 5
371 68 4
371 70 5
371 80 4
371 81 4
371 82 5
371 83 5
371 89 5
371 90 3
371 94 5
371 95 5
371 96 5
371 97 5
371 99 5
371 100 5
371 102 4
371 105 5
371 110 3
371 114 5
371 117 5
371 127 5
371 132 5
371 136 5
371 139 4
371 142 3
371 143 5
371 144 5
371 150 5
371 151 5
371 154 5
371 155 4
371 156 5
371 161 5
371 162 5
371 163 5
371 165 5
371 166 5
371 172 5
371 173 5
371 175 5
371 177 5
371 179 5
371 180 5
371 181 5
371 184 5
371 186 5
371 189 5
371 191 5
371 194 5
371 195 5
371 196 5
371 197 5
371 202 5
371 206 4
371 208 5
371 209 5
371 210 5
371 211 5
371 213 5
371 214 5
371 215 5
371 217 5
371 225 5
371 226 5
371 228 5
371 230 5
371 232 4
371 239 5
371 241 5
371 259 5
371 265 5
371 269 5
371 275 5
371 278 5
371 281 5
371 286 5
371 290 5
371 318 5
371 357 5
371 366 5
371 378 5
371 382 5
371 386 4
371 389 4
371 390 5
371 392 5
371 393 5
371 399 5
371 401 3
371 402 5
371 403 5
371 404 4
371 409 4
371 414 5
371 417 4
371 418 4
371 420 4
371 421 5
371 423 5
371 427 5
371 431 5
371 433 5
371 435 5
371 451 5
371 472 5
371 474 5
371 480 5
371 485 5
371 487 5
371 488 5
371 494 4
371 497 4
371 499 5
371 506 5
371 510 5
371 514 5
371 520 5
371 527 5
371 550 5
371 553 5
371 559 4
371 566 5
371 568 5
371 571 3
371 577 4
371 588 5
371 598 5
371 603 5
371 625 4
371 627 4
371 645 5
371 648 5
371 649 4
371 651 5
371 655 5
371 658 5
371 660 5
371 679 4
371 694 5
371 699 5
371 704 4
371 705 5
371 707 5
371 709 5
371 715 4
371 724 5
371 727 5
371 729 5
371 732 5
371 746 5
371 747 5
371 748 5
371 756 5
371 778 5
371 828 4
371 842 4
371 843 5
371 849 3
371 941 4
371 946 4
371 949 5
372 1 5
372 5 4
372 7 5
372 9 5
372 11 5
372 12 5
372 15 5
372 17 4
372 23 5
372 24 5
372 28 5
372 29 3
372 39 4
372 48 5
372 50 5
372 56 5
372 64 5
372 66 4
372 68 3
372 69 5
372 70 4
372 71 5
372 77 4
372 87 5
372 89 5
372 95 5
372 97 5
372 98 5
372 100 5
372 106 4
372 111 5
372 116 5
372 118 5
372 120 2
372 121 5
372 122 3
372 123 4
372 125 5
372 126 5
372 127 5
372 129 5
372 135 5
372 143 5
372 144 5
372 147 5
372 148 5
372 150 5
372 151 5
372 156 5
372 159 5
372 161 4
372 162 5
372 168 5
372 173 5
372 174 5
372 176 5
372 182 5
372 183 5
372 185 5
372 186 5
372 192 5
372 195 5
372 197 5
372 200 5
372 202 5
372 204 5
372 210 5
372 216 5
372 218 4
372 222 5
372 223 5
372 225 5
372 226 4
372 228 5
372 229 4
372 230 4
372 231 3
372 233 4
372 234 5
372 235 4
372 237 5
372 240 4
372 247 3
372 248 4
372 252 5
372 254 3
372 257 5
372 265 5
372 279 5
372 280 5
372 282 5
372 284 5
372 289 5
372 291 5
372 292 5
372 310 5
372 318 5
372 322 5
372 323 5
372 356 4
372 363 3
372 369 3
372 385 4
372 403 4
372 405 5
372 412 4
372 423 5
372 424 3
372 427 5
372 449 4
372 450 3
372 454 3
372 458 5
372 463 5
372 465 3
372 466 5
372 467 4
372 468 4
372 475 5
372 476 4
372 483 5
372 521 5
372 527 5
372 540 3
372 544 5
372 550 4
372 552 3
372 554 3
372 558 4
372 566 4
372 568 4
372 572 3
372 576 3
372 581 4
372 591 5
372 619 5
372 620 4
372 628 5
372 637 3
372 642 4
372 651 5
372 665 3
372 685 5
372 692 4
372 717 5
372 735 5
372 741 5
372 742 5
372 743 3
372 756 4
372 761 3
372 762 5
372 770 3
372 789 4
372 815 4
372 819 5
372 820 3
372 824 3
372 844 4
372 845 5
372 846 4
372 872 5
372 880 5
372 924 4
372 928 4
372 930 4
372 931 3
372 932 3
372 934 4
372 952 5
372 963 5
372 974 4
372 975 4
372 977 4
372 978 3
372 979 5
372 983 4
372 986 3
373 5 4
373 44 5
373 176 5
373 233 4
373 288 5
373 302 5
373 356 4
373 443 4
373 573 3
373 583 4
373 603 5
373 761 3
373 773 3
373 939 5
374 11 5
374 98 5
374 154 5
374 181 5
374 197 5
374 198 4
374 223 5
374 269 5
374 274 4
374 275 5
374 288 5
374 301 5
374 328 5
374 427 5
374 603 5
374 663 4
374 707 4
375 56 4
375 98 5
375 154 4
375 164 4
375 168 5
375 173 5
375 219 4
375 234 5
375 268 4
375 272 5
375 313 5
375 316 5
375 323 4
375 338 5
375 354 4
375 358 4
375 443 4
375 682 3
375 748 4
376 1 5
376 2 5
376 4 5
376 5 5
376 7 5
376 8 5
376 9 5
376 10 5
376 11 5
376 12 5
376 13 5
376 14 5
376 15 5
376 21 5
376 22 5
376 28 5
376 29 5
376 31 5
376 40 5
376 42 5
376 43 5
376 48 5
376 49 5
376 50 5
376 52 5
376 54 5
376 58 5
376 59 5
376 62 5
376 63 5
376 65 5
376 66 5
376 68 5
376 70 5
376 73 5
376 77 5
376 79 5
376 86 5
376 87 5
376 88 5
376 89 5
376 91 5
376 94 5
376 95 5
376 99 5
376 100 5
376 106 5
376 110 4
376 111 5
376 117 5
376 121 5
376 123 5
376 125 5
376 126 5
376 132 5
376 135 5
376 141 5
376 143 5
376 144 5
376 148 5
376 151 5
376 153 5
376 155 4
376 157 5
376 159 5
376 161 5
376 162 5
376 167 5
376 172 5
376 173 5
376 174 5
376 175 5
376 176 5
376 179 5
376 180 5
376 181 5
376 182 5
376 186 5
376 191 5
376 194 5
376 195 5
376 196 5
376 197 5
376 200 5
376 202 5
376 207 5
376 210 5
376 213 5
376 215 5
376 217 5
376 218 5
376 222 5
376 223 5
376 226 5
376 227 5
376 230 5
376 231 5
376 233 5
376 234 5
376 235 5
376 237 5
376 239 5
376 241 5
376 245 5
376 248 5
376 252 5
376 254 5
376 255 5
376 257 5
376 258 5
376 269 5
376 272 5
376 273 5
376 274 5
376 275 5
376 276 5
376 277 5
376 280 5
376 281 5
376 282 5
376 283 5
376 284 5
376 285 5
376 286 5
376 288 5
376 289 5
376 294 5
376 295 5
376 298 5
376 300 5
376 301 5
376 302 5
376 317 5
376 318 5
376 319 5
376 321 5
376 326 5
376 328 5
376 356 5
376 365 5
376 380 5
376 381 5
376 382 5
376 385 5
376 386 5
376 387 5
376 392 5
376 393 5
376 396 5
376 401 5
376 403 5
376 404 5
376 405 5
376 409 5
376 410 5
376 411 5
376 417 5
376 418 5
376 419 5
376 420 5
376 423 5
376 432 5
376 433 5
376 435 5
376 447 5
376 449 5
376 451 5
376 458 5
376 465 5
376 468 5
376 469 5
376 471 5
376 476 5
376 479 5
376 482 5
376 485 5
376 496 5
376 500 5
376 501 5
376 508 5
376 509 5
376 517 5
376 527 5
376 528 5
376 542 5
376 546 5
376 549 5
376 554 5
376 559 4
376 566 5
376 568 5
376 572 4
376 575 5
376 576 5
376 582 5
376 591 5
376 596 5
376 597 5
376 606 5
376 619 5
376 620 4
376 623 5
376 629 5
376 631 5
376 632 5
376 635 4
376 636 5
376 651 5
376 655 5
376 663 5
376 665 5
376 674 4
376 684 5
376 686 5
376 692 5
376 693 5
376 694 5
376 696 5
376 699 5
376 702 4
376 703 4
376 707 5
376 708 5
376 709 5
376 715 5
376 716 5
376 720 4
376 722 5
376 723 5
376 724 5
376 729 5
376 731 4
376 732 5
376 734 5
376 739 5
376 742 5
376 747 5
376 755 5
376 756 5
376 762 5
376 768 5
376 775 4
376 778 5
376 780 4
376 787 3
376 792 5
376 793 4
376 796 5
376 806 5
376 807 2
376 845 5
376 866 5
376 875 5
376 896 5
376 918 5
376 921 5
376 924 5
376 926 5
376 928 5
376 930 5
376 939 5
376 942 5
376 951 4
376 959 5
376 961 5
376 969 4
376 972 4
376 977 5
376 979 5
377 4 4
377 8 5
377 9 5
377 23 5
377 50 5
377 52 4
377 54 3
377 56 5
377 62 4
377 63 3
377 64 5
377 69 5
377 79 5
377 82 4
377 83 5
377 88 4
377 89 5
377 90 3
377 93 5
377 96 5
377 98 5
377 100 5
377 116 5
377 124 5
377 127 5
377 131 4
377 133 4
377 135 5
377 137 5
377 141 4
377 152 4
377 153 4
377 157 4
377 158 3
377 161 4
377 163 3
377 168 5
377 172 5
377 173 5
377 174 5
377 176 5
377 177 5
377 178 5
377 179 4
377 183 5
377 186 5
377 187 5
377 188 4
377 191 5
377 192 5
377 193 4
377 194 4
377 195 5
377 196 4
377 199 5
377 200 4
377 202 5
377 203 4
377 204 5
377 205 4
377 208 4
377 210 5
377 211 5
377 216 4
377 219 3
377 227 4
377 230 4
377 233 4
377 238 5
377 239 4
377 251 5
377 257 5
377 270 5
377 284 4
377 285 5
377 294 5
377 300 5
377 306 5
377 310 5
377 331 5
377 339 5
377 357 5
377 372 5
377 381 4
377 383 2
377 385 4
377 391 3
377 393 4
377 395 2
377 398 3
377 402 4
377 405 5
377 414 4
377 417 3
377 419 4
377 427 5
377 428 5
377 434 4
377 436 5
377 443 4
377 447 4
377 448 3
377 451 4
377 452 3
377 461 4
377 480 5
377 502 4
377 511 5
377 514 5
377 516 4
377 517 4
377 520 5
377 522 5
377 523 5
377 527 5
377 528 5
377 529 4
377 530 4
377 554 3
377 559 3
377 563 2
377 566 4
377 568 4
377 575 3
377 576 3
377 603 5
377 616 4
377 622 3
377 631 4
377 636 3
377 637 4
377 644 4
377 649 3
377 651 5
377 654 5
377 655 5
377 659 5
377 674 3
377 684 5
377 686 4
377 701 5
377 704 3
377 705 4
377 710 3
377 712 3
377 729 4
377 732 4
377 735 5
377 746 4
377 842 3
377 855 4
378 1 5
378 9 5
378 12 5
378 22 5
378 28 5
378 31 4
378 38 3
378 58 4
378 59 4
378 60 4
378 61 4
378 62 4
378 69 4
378 71 4
378 81 3
378 95 4
378 98 5
378 100 5
378 109 4
378 114 5
378 118 4
378 121 5
378 132 4
378 134 4
378 135 4
378 139 5
378 152 4
378 154 4
378 161 4
378 163 4
378 168 5
378 170 4
378 172 5
378 176 4
378 177 4
378 181 5
378 182 5
378 183 5
378 185 4
378 186 5
378 190 4
378 194 4
378 197 5
378 204 5
378 208 4
378 213 5
378 215 4
378 217 3
378 222 5
378 228 5
378 229 3
378 238 5
378 241 4
378 258 5
378 265 5
378 270 5
378 286 5
378 300 5
378 313 5
378 315 5
378 340 5
378 356 4
378 357 5
378 382 4
378 414 4
378 416 3
378 419 4
378 423 5
378 425 3
378 427 5
378 428 5
378 433 4
378 435 5
378 443 4
378 449 4
378 462 4
378 463 5
378 465 4
378 474 4
378 479 5
378 483 5
378 496 5
378 502 4
378 506 4
378 512 4
378 515 5
378 518 4
378 521 4
378 527 4
378 530 4
378 554 3
378 561 2
378 566 4
378 573 4
378 587 2
378 614 3
378 630 3
378 631 3
378 651 4
378 654 4
378 663 4
378 664 3
378 665 3
378 670 5
378 684 5
378 699 4
378 708 4
378 709 4
378 712 3
378 729 4
378 732 4
378 736 4
378 744 5
378 750 5
378 751 5
378 753 5
378 770 3
378 856 3
378 923 4
378 956 3
378 959 4
379 1 5
379 13 5
379 14 5
379 15 5
379 16 4
379 20 4
379 30 3
379 49 3
379 50 5
379 59 5
379 77 3
379 83 4
379 89 4
379 94 4
379 97 4
379 99 4
379 100 5
379 102 2
379 129 4
379 132 5
379 133 4
379 134 4
379 135 5
379 139 3
379 150 5
379 151 5
379 175 5
379 178 5
379 191 4
379 212 3
379 214 3
379 216 4
379 217 2
379 228 4
379 259 4
379 276 5
379 281 4
379 283 5
379 294 4
379 303 5
379 304 5
379 318 5
379 344 5
379 378 4
379 403 3
379 418 3
379 432 4
379 443 3
379 462 4
379 473 4
379 479 5
379 485 4
379 487 5
379 493 5
379 495 5
379 498 4
379 501 3
379 509 4
379 512 4
379 514 5
379 526 4
379 529 5
379 566 3
379 582 4
379 607 3
379 631 3
379 634 3
379 640 4
379 647 4
379 652 3
379 656 5
379 657 5
379 660 4
379 673 4
379 682 4
379 693 4
379 694 4
379 705 4
379 724 5
379 742 4
379 771 2
379 778 4
379 847 4
379 887 5
379 898 4
379 914 2
379 934 3
379 995 4
380 7 3
380 9 4
380 25 3
380 56 4
380 100 4
380 122 2
380 127 4
380 134 3
380 135 3
380 137 4
380 171 3
380 180 3
380 183 3
380 197 3
380 258 4
380 276 4
380 290 3
380 332 4
380 334 3
380 357 3
380 474 3
380 475 3
380 482 3
380 504 3
380 507 3
380 511 3
380 546 3
380 717 3
381 9 5
381 14 5
381 19 5
381 58 5
381 81 5
381 86 5
381 89 5
381 100 5
381 132 5
381 134 5
381 137 5
381 182 5
381 193 5
381 197 5
381 203 5
381 205 5
381 223 5
381 237 5
381 238 5
381 268 5
381 272 5
381 285 5
381 302 5
381 313 5
381 315 5
381 319 5
381 357 5
381 425 5
381 427 5
381 435 5
381 464 5
381 474 5
381 475 5
381 478 5
381 479 5
381 480 5
381 483 5
381 484 5
381 504 5
381 505 5
381 513 5
381 639 5
381 641 5
381 654 5
381 657 5
381 663 5
382 289 5
382 302 5
382 313 5
382 316 5
382 327 5
382 329 5
382 333 5
382 343 4
382 748 5
383 4 5
383 8 5
383 12 5
383 18 3
383 24 5
383 29 4
383 32 4
383 37 2
383 46 5
383 47 4
383 48 5
383 50 5
383 53 4
383 56 5
383 58 4
383 59 4
383 61 4
383 79 5
383 81 3
383 82 5
383 87 5
383 89 5
383 93 5
383 98 5
383 99 4
383 111 5
383 114 5
383 122 4
383 127 5
383 128 4
383 129 5
383 131 3
383 133 4
383 134 4
383 136 4
383 143 4
383 144 5
383 145 3
383 151 5
383 152 3
383 153 5
383 156 5
383 160 3
383 168 5
383 169 5
383 171 5
383 172 5
383 173 5
383 174 5
383 175 4
383 177 5
383 180 4
383 181 5
383 183 5
383 185 5
383 186 5
383 187 5
383 189 4
383 191 4
383 192 4
383 194 5
383 195 5
383 199 5
383 200 4
383 207 4
383 208 4
383 209 5
383 211 4
383 216 5
383 217 4
383 218 5
383 219 4
383 221 5
383 224 5
383 235 5
383 236 5
383 238 5
383 249 5
383 250 5
383 253 5
383 254 5
383 256 5
383 257 5
383 262 5
383 273 5
383 276 5
383 283 5
383 285 5
383 286 5
383 290 5
383 293 5
383 304 5
383 305 5
383 318 5
383 320 5
383 325 5
383 337 5
383 340 5
383 346 5
383 347 5
383 367 4
383 383 2
383 384 4
383 385 5
383 403 5
383 405 5
383 408 5
383 417 3
383 419 4
383 423 5
383 425 3
383 427 5
383 428 5
383 429 4
383 430 4
383 433 4
383 435 5
383 443 5
383 444 4
383 447 4
383 451 4
383 455 4
383 458 4
383 461 3
383 462 4
383 473 4
383 474 4
383 479 5
383 480 4
383 483 5
383 484 4
383 485 4
383 486 5
383 487 5
383 489 3
383 492 3
383 496 5
383 502 5
383 503 2
383 506 4
383 508 5
383 511 5
383 512 4
383 521 4
383 523 5
383 524 4
383 525 5
383 529 4
383 557 4
383 603 5
383 604 4
383 606 4
383 616 4
383 629 4
383 631 3
383 650 3
383 652 4
383 653 4
383 654 4
383 657 4
383 658 4
383 659 4
383 661 5
383 664 3
383 673 5
383 674 3
383 675 4
383 705 4
383 719 4
383 727 4
383 732 4
383 739 5
383 745 5
383 794 5
383 811 3
383 851 4
383 855 3
383 865 4
383 871 5
383 896 5
383 900 5
383 919 5
383 922 5
383 940 2
383 942 4
383 945 4
383 959 4
383 961 4
383 965 4
384 24 4
384 273 4
384 281 4
384 323 4
384 405 4
384 455 4
384 515 5
384 546 4
384 597 4
384 825 2
385 2 3
385 4 4
385 7 5
385 8 5
385 10 5
385 11 5
385 13 5
385 20 4
385 22 5
385 23 5
385 24 5
385 27 3
385 31 4
385 32 5
385 33 4
385 39 3
385 46 5
385 47 4
385 48 5
385 50 5
385 52 4
385 55 5
385 56 5
385 58 4
385 61 4
385 62 3
385 64 5
385 68 4
385 69 5
385 71 5
385 76 3
385 79 5
385 81 5
385 82 4
385 83 5
385 89 5
385 91 4
385 92 4
385 93 5
385 96 5
385 97 4
385 98 5
385 99 5
385 101 3
385 102 4
385 107 4
385 113 5
385 114 5
385 116 5
385 117 5
385 121 5
385 123 5
385 127 5
385 129 5
385 133 5
385 135 5
385 136 5
385 144 5
385 147 5
385 151 5
385 156 5
385 161 4
385 168 5
385 169 5
385 176 5
385 180 5
385 181 5
385 183 5
385 184 4
385 186 5
385 187 5
385 189 5
385 190 4
385 192 5
385 193 4
385 194 5
385 195 5
385 196 5
385 197 5
385 198 4
385 199 5
385 200 5
385 201 5
385 202 5
385 203 4
385 205 4
385 206 4
385 208 5
385 209 5
385 211 5
385 215 5
385 217 4
385 218 4
385 219 3
385 222 5
385 223 5
385 224 5
385 226 4
385 227 4
385 228 5
385 229 4
385 230 4
385 231 3
385 238 5
385 246 5
385 248 5
385 250 5
385 258 5
385 265 5
385 268 5
385 273 5
385 277 5
385 288 5
385 289 5
385 293 5
385 294 5
385 295 5
385 298 5
385 317 5
385 318 5
385 319 5
385 320 5
385 321 5
385 325 5
385 333 5
385 357 5
385 380 5
385 381 5
385 385 4
385 393 4
385 403 4
385 410 5
385 414 4
385 418 5
385 423 5
385 428 5
385 429 5
385 430 5
385 431 4
385 432 5
385 434 4
385 435 5
385 436 5
385 441 4
385 444 4
385 446 4
385 447 4
385 448 3
385 455 4
385 458 5
385 461 4
385 463 5
385 470 5
385 473 5
385 474 5
385 475 5
385 477 5
385 488 4
385 496 5
385 501 4
385 508 5
385 511 5
385 514 5
385 520 5
385 526 4
385 528 5
385 532 5
385 547 5
385 549 4
385 558 4
385 559 3
385 561 3
385 564 4
385 566 4
385 569 4
385 578 3
385 580 4
385 582 5
385 583 3
385 593 4
385 603 5
385 619 5
385 625 4
385 642 4
385 650 3
385 651 4
385 659 4
385 672 3
385 674 3
385 678 5
385 679 3
385 684 4
385 692 4
385 693 4
385 697 4
385 732 4
385 735 4
385 737 4
385 742 5
385 744 5
385 746 4
385 768 2
385 769 4
385 772 5
385 773 4
385 774 4
385 789 4
385 790 4
385 806 5
385 844 5
385 845 5
385 854 4
385 919 5
385 943 5
385 952 5
385 969 4
385 972 3
385 984 5
386 1 5
386 5 4
386 56 5
386 100 5
386 111 5
386 147 5
386 184 5
386 237 5
386 259 5
386 300 5
386 301 5
386 302 5
386 307 5
386 310 5
386 313 5
386 315 5
386 323 4
386 326 5
386 333 5
386 508 5
386 569 4
386 596 5
386 628 5
386 678 4
386 680 5
386 682 4
386 690 5
386 742 5
386 769 3
386 816 4
386 845 5
386 871 4
387 4 5
387 8 5
387 23 5
387 25 5
387 28 5
387 29 4
387 38 5
387 40 5
387 42 5
387 47 5
387 50 5
387 53 5
387 56 5
387 59 5
387 64 5
387 65 5
387 71 5
387 72 5
387 77 5
387 79 5
387 80 5
387 81 5
387 82 5
387 88 5
387 90 5
387 94 5
387 95 5
387 98 5
387 99 5
387 100 5
387 105 4
387 109 5
387 111 5
387 118 5
387 124 5
387 127 5
387 131 5
387 132 5
387 136 5
387 142 4
387 151 5
387 152 5
387 153 5
387 154 5
387 159 5
387 160 5
387 167 5
387 168 5
387 172 5
387 173 5
387 174 5
387 176 5
387 178 5
387 179 5
387 181 5
387 185 5
387 186 5
387 191 5
387 194 5
387 197 5
387 202 5
387 204 5
387 205 5
387 208 5
387 210 5
387 211 5
387 216 5
387 217 5
387 234 5
387 238 5
387 249 5
387 275 5
387 283 5
387 285 5
387 300 5
387 301 5
387 378 5
387 383 4
387 384 5
387 393 5
387 395 4
387 396 5
387 401 5
387 402 5
387 404 5
387 407 5
387 410 5
387 411 5
387 414 5
387 416 5
387 420 5
387 423 5
387 427 5
387 428 5
387 429 5
387 435 5
387 451 5
387 454 4
387 467 5
387 471 5
387 474 5
387 475 5
387 477 5
387 478 5
387 479 5
387 480 5
387 481 5
387 483 5
387 484 5
387 490 5
387 491 4
387 492 5
387 493 5
387 496 5
387 497 5
387 498 5
387 499 5
387 501 5
387 503 5
387 504 5
387 506 5
387 507 5
387 509 5
387 510 5
387 514 5
387 517 5
387 518 5
387 519 5
387 520 5
387 525 5
387 526 5
387 527 5
387 531 5
387 550 5
387 558 5
387 568 5
387 583 5
387 584 4
387 588 5
387 591 5
387 602 5
387 604 5
387 605 4
387 607 5
387 610 5
387 612 5
387 613 5
387 616 5
387 630 5
387 631 5
387 642 5
387 649 5
387 656 5
387 657 5
387 661 5
387 662 5
387 674 4
387 693 5
387 699 5
387 700 3
387 705 5
387 712 4
387 715 5
387 731 5
387 732 5
387 736 5
387 739 5
387 756 5
387 785 4
387 792 5
387 820 5
387 824 5
387 835 5
387 836 5
387 845 5
387 847 5
387 923 5
387 926 5
387 942 5
387 945 5
387 954 5
387 955 5
387 965 5
387 997 4
388 9 5
388 100 5
388 126 5
388 283 4
388 289 5
388 302 5
388 319 5
388 328 5
388 329 4
388 331 5
388 515 5
388 713 4
388 742 5
388 845 4
388 989 5
388 990 4
389 8 5
389 9 5
389 12 5
389 15 5
389 26 4
389 47 4
389 48 5
389 56 5
389 58 4
389 59 5
389 60 5
389 61 5
389 64 5
389 69 4
389 71 4
389 76 3
389 89 5
389 97 5
389 100 5
389 132 4
389 134 4
389 148 5
389 168 5
389 173 5
389 182 4
389 188 3
389 191 5
389 195 5
389 197 5
389 200 4
389 203 5
389 204 5
389 205 4
389 213 5
389 215 4
389 222 5
389 234 5
389 237 5
389 258 5
389 264 5
389 276 5
389 282 5
389 286 5
389 288 5
389 294 5
389 300 5
389 318 5
389 328 5
389 334 5
389 357 5
389 421 4
389 458 5
389 460 4
389 462 5
389 471 5
389 474 5
389 479 4
389 480 4
389 482 4
389 483 5
389 490 5
389 491 4
389 497 4
389 498 4
389 504 4
389 508 5
389 510 4
389 527 4
389 530 4
389 544 5
389 546 4
389 603 5
389 604 4
389 628 5
389 659 5
389 661 5
389 678 5
389 748 5
389 772 4
389 774 2
389 924 5
389 963 4
390 8 5
390 23 5
390 50 5
390 58 5
390 59 5
390 98 5
390 99 5
390 129 5
390 134 5
390 165 5
390 166 5
390 169 5
390 170 5
390 172 5
390 173 5
390 178 5
390 179 5
390 180 5
390 181 5
390 189 5
390 191 5
390 197 5
390 199 5
390 200 5
390 209 5
390 244 5
390 246 5
390 248 5
390 249 5
390 250 5
390 255 5
390 257 5
390 258 5
390 268 5
390 270 5
390 271 5
390 272 5
390 276 5
390 286 5
390 288 5
390 289 5
390 293 5
390 294 5
390 297 5
390 298 5
390 300 5
390 302 5
390 303 5
390 304 5
390 312 5
390 313 5
390 319 5
390 323 5
390 324 5
390 325 5
390 333 5
390 344 4
390 345 5
390 463 5
390 482 5
390 488 5
390 491 5
390 492 5
390 493 5
390 511 5
390 515 5
390 534 4
390 538 4
390 615 5
390 632 5
390 650 5
390 663 5
390 705 5
390 813 5
390 847 5
390 872 4
390 873 4
390 880 5
391 2 4
391 3 4
391 4 4
391 5 4
391 7 5
391 11 5
391 12 5
391 15 5
391 17 3
391 21 3
391 22 5
391 24 4
391 25 4
391 26 4
391 27 3
391 28 5
391 29 3
391 31 4
391 36 2
391 38 4
391 40 3
391 41 3
391 42 4
391 48 5
391 49 4
391 50 5
391 51 3
391 54 4
391 55 5
391 56 5
391 58 4
391 62 4
391 64 5
391 65 4
391 67 3
391 68 4
391 69 4
391 70 4
391 71 4
391 72 4
391 78 2
391 79 5
391 81 4
391 83 5
391 85 5
391 86 4
391 87 4
391 88 4
391 89 5
391 90 3
391 94 4
391 95 4
391 99 4
391 100 5
391 105 2
391 108 5
391 109 3
391 110 2
391 111 4
391 117 5
391 118 4
391 122 2
391 123 4
391 126 5
391 128 3
391 132 5
391 135 5
391 136 4
391 138 1
391 139 2
391 142 2
391 144 5
391 147 4
391 148 5
391 153 4
391 154 5
391 161 4
391 168 5
391 169 5
391 172 5
391 173 5
391 181 5
391 184 4
391 186 5
391 189 5
391 191 5
391 194 4
391 196 4
391 202 5
391 203 4
391 204 4
391 206 4
391 215 4
391 222 5
391 227 4
391 228 5
391 233 5
391 239 4
391 240 4
391 241 4
391 243 4
391 245 5
391 252 4
391 255 5
391 257 5
391 258 5
391 265 5
391 270 5
391 271 5
391 273 5
391 274 4
391 275 5
391 278 4
391 280 4
391 281 4
391 283 5
391 290 4
391 291 5
391 294 5
391 298 5
391 303 5
391 313 5
391 316 5
391 317 4
391 318 5
391 321 5
391 323 5
391 328 5
391 333 5
391 338 4
391 342 4
391 344 5
391 347 5
391 349 4
391 354 5
391 355 4
391 356 4
391 357 5
391 362 5
391 363 4
391 364 2
391 365 3
391 366 4
391 369 3
391 373 4
391 374 3
391 376 3
391 377 2
391 378 3
391 380 4
391 385 4
391 386 3
391 391 2
391 393 4
391 394 1
391 396 4
391 402 4
391 403 4
391 404 4
391 409 3
391 410 3
391 412 3
391 415 2
391 417 3
391 418 4
391 419 4
391 420 4
391 421 5
391 431 4
391 443 4
391 456 2
391 459 3
391 463 5
391 465 3
391 470 4
391 471 4
391 472 3
391 473 4
391 476 3
391 477 4
391 480 5
391 494 4
391 496 5
391 497 4
391 501 4
391 527 4
391 538 4
391 539 4
391 540 4
391 544 5
391 546 4
391 550 5
391 552 3
391 553 3
391 554 3
391 559 3
391 561 3
391 566 5
391 568 4
391 569 3
391 571 2
391 576 3
391 578 4
391 588 4
391 591 5
391 596 4
391 597 4
391 620 4
391 622 3
391 623 2
391 628 5
391 630 3
391 633 5
391 636 4
391 644 4
391 651 5
391 655 5
391 659 5
391 672 3
391 681 4
391 683 5
391 685 4
391 686 5
391 687 3
391 690 5
391 692 4
391 696 5
391 705 4
391 710 4
391 715 3
391 717 3
391 721 3
391 722 3
391 725 4
391 728 2
391 731 4
391 737 4
391 739 4
391 742 5
391 747 4
391 751 5
391 755 3
391 756 3
391 763 3
391 771 3
391 775 2
391 778 4
391 779 5
391 780 2
391 781 3
391 783 3
391 789 4
391 792 4
391 794 3
391 797 4
391 802 4
391 805 3
391 808 4
391 810 4
391 812 1
391 815 3
391 821 3
391 824 3
391 825 4
391 826 2
391 831 3
391 836 3
391 840 3
391 841 4
391 842 3
391 843 4
391 845 4
391 870 5
391 871 3
391 876 4
391 879 5
391 890 2
391 905 5
391 922 5
391 924 4
391 926 3
391 929 4
391 930 4
391 932 3
391 939 5
391 940 2
391 944 3
391 949 3
391 951 3
391 953 3
391 964 3
391 977 4
391 996 3
391 997 3
391 999 4
391 1000 3
392 1 5
392 4 5
392 7 5
392 22 5
392 28 5
392 31 5
392 38 4
392 42 5
392 50 5
392 56 5
392 67 5
392 68 4
392 72 5
392 73 5
392 79 5
392 84 5
392 88 5
392 96 5
392 97 5
392 98 5
392 101 4
392 109 5
392 117 5
392 121 5
392 128 4
392 132 5
392 144 5
392 154 5
392 156 5
392 158 5
392 161 5
392 164 5
392 172 5
392 174 5
392 179 5
392 181 5
392 184 4
392 186 5
392 195 5
392 208 5
392 210 5
392 216 5
392 217 4
392 218 5
392 226 4
392 227 5
392 228 5
392 229 4
392 230 5
392 232 4
392 233 5
392 238 5
392 250 5
392 257 5
392 265 5
392 288 5
392 313 5
392 364 4
392 383 3
392 385 5
392 386 4
392 402 5
392 411 5
392 416 5
392 423 5
392 433 5
392 449 4
392 450 3
392 455 4
392 496 5
392 508 5
392 541 3
392 550 5
392 552 4
392 559 4
392 561 3
392 568 5
392 576 4
392 597 5
392 655 5
392 658 4
392 665 4
392 679 5
392 739 5
392 746 4
392 763 5
392 771 3
392 773 4
392 780 5
392 797 4
392 802 4
393 1 5
393 15 5
393 50 5
393 64 5
393 89 5
393 97 5
393 98 5
393 100 5
393 121 5
393 151 5
393 154 5
393 174 5
393 186 5
393 216 5
393 231 4
393 237 5
393 240 5
393 252 5
393 255 5
393 257 5
393 313 5
393 315 5
393 328 5
393 342 5
393 378 5
393 423 5
393 458 5
393 472 5
393 596 5
393 739 5
393 892 4
393 924 5
394 1 5
394 9 5
394 25 5
394 100 5
394 106 4
394 117 5
394 121 5
394 125 5
394 148 5
394 237 5
394 245 5
394 260 4
394 274 5
394 282 5
394 288 5
394 300 5
394 322 5
394 333 5
394 471 5
394 591 5
394 597 4
394 678 5
394 717 3
394 742 5
394 751 5
394 829 4
394 840 4
394 841 3
394 871 4
394 977 3
394 986 3
395 7 5
395 22 5
395 23 4
395 50 5
395 56 5
395 95 4
395 100 5
395 108 5
395 117 5
395 127 5
395 134 4
395 135 5
395 171 3
395 172 4
395 174 5
395 177 4
395 178 4
395 183 4
395 192 4
395 194 4
395 195 5
395 197 5
395 199 4
395 210 5
395 221 4
395 261 3
395 268 5
395 273 4
395 286 5
395 288 5
395 302 5
395 313 5
395 318 5
395 322 4
395 324 5
395 325 4
395 332 4
395 334 3
395 338 2
395 340 5
395 345 4
395 390 5
395 423 5
395 435 5
395 457 2
395 475 4
395 483 5
395 498 5
395 504 4
395 513 4
395 588 4
395 611 3
395 615 4
395 641 5
395 657 4
395 680 3
395 705 4
395 748 4
395 751 4
395 853 4
395 855 3
395 878 3
395 894 2
395 988 3
395 989 4
395 991 2
396 2 4
396 4 5
396 12 5
396 13 5
396 15 5
396 25 5
396 28 5
396 31 5
396 47 4
396 49 4
396 50 5
396 56 5
396 63 4
396 64 5
396 65 5
396 66 4
396 69 5
396 70 5
396 72 4
396 73 4
396 82 5
396 85 4
396 87 5
396 94 4
396 95 5
396 117 5
396 124 5
396 125 5
396 126 5
396 127 5
396 132 5
396 134 5
396 144 5
396 152 4
396 154 5
396 158 3
396 159 5
396 163 4
396 167 3
396 168 5
396 172 5
396 174 5
396 176 5
396 178 5
396 181 5
396 182 5
396 183 5
396 186 5
396 191 5
396 194 5
396 196 5
396 197 5
396 199 5
396 202 5
396 203 5
396 204 5
396 211 5
396 216 5
396 228 5
396 229 4
396 230 4
396 234 5
396 235 5
396 239 4
396 274 5
396 276 5
396 284 5
396 357 5
396 385 5
396 393 4
396 399 4
396 403 5
396 414 5
396 417 4
396 423 5
396 429 5
396 430 5
396 432 4
396 435 5
396 474 5
396 476 5
396 479 5
396 480 5
396 481 5
396 485 5
396 491 4
396 493 5
396 494 4
396 496 5
396 497 4
396 498 5
396 501 4
396 502 4
396 504 5
396 510 5
396 514 5
396 519 5
396 520 5
396 521 5
396 523 5
396 525 5
396 588 5
396 589 4
396 591 5
396 602 4
396 654 5
396 659 5
396 661 5
396 663 5
396 700 2
396 710 4
396 715 4
396 732 4
396 735 5
396 737 4
396 756 4
396 796 3
396 953 4
396 969 4
396 991 4
396 993 5
397 2 3
397 5 4
397 8 5
397 9 5
397 12 5
397 15 5
397 22 5
397 26 4
397 33 4
397 38 3
397 41 3
397 42 5
397 43 3
397 48 5
397 50 5
397 53 3
397 55 5
397 56 5
397 57 5
397 58 4
397 62 4
397 63 3
397 64 5
397 66 4
397 67 4
397 68 4
397 69 5
397 71 5
397 72 3
397 73 3
397 77 4
397 79 5
397 80 3
397 84 4
397 91 4
397 93 5
397 94 3
397 95 4
397 97 5
397 98 5
397 99 5
397 102 3
397 110 2
397 114 5
397 117 5
397 118 5
397 121 5
397 127 5
397 128 3
397 132 5
397 140 3
397 143 5
397 144 5
397 147 5
397 148 4
397 153 5
397 155 4
397 156 5
397 157 4
397 161 4
397 164 5
397 168 5
397 172 5
397 174 5
397 175 5
397 179 4
397 180 5
397 181 5
397 186 5
397 187 5
397 188 4
397 195 5
397 196 5
397 203 5
397 204 5
397 210 5
397 214 4
397 215 5
397 219 3
397 223 5
397 227 4
397 228 5
397 229 4
397 230 5
397 231 3
397 233 4
397 234 5
397 237 5
397 238 5
397 239 4
397 241 4
397 264 5
397 265 5
397 268 5
397 273 5
397 274 5
397 276 5
397 282 5
397 284 5
397 288 5
397 289 5
397 291 5
397 295 5
397 301 5
397 307 5
397 318 5
397 323 5
397 332 5
397 338 4
397 340 5
397 364 3
397 372 5
397 378 4
397 380 5
397 382 4
397 383 2
397 384 3
397 385 4
397 386 3
397 388 2
397 389 3
397 395 2
397 399 3
397 400 1
397 401 3
397 402 5
397 403 4
397 405 5
397 407 3
397 412 4
397 413 4
397 418 4
397 420 4
397 423 5
397 431 4
397 432 5
397 436 5
397 444 3
397 450 3
397 451 4
397 452 3
397 454 1
397 455 4
397 459 4
397 470 4
397 471 5
397 475 5
397 486 5
397 496 5
397 501 4
397 506 4
397 508 5
397 527 5
397 531 5
397 543 4
397 544 5
397 546 4
397 549 4
397 550 4
397 554 3
397 559 3
397 564 3
397 566 4
397 568 4
397 575 2
397 576 3
397 578 3
397 582 5
397 588 5
397 591 5
397 597 5
397 616 3
397 622 3
397 628 5
397 633 5
397 651 5
397 655 5
397 660 5
397 679 4
397 684 5
397 693 5
397 697 5
397 710 5
397 720 4
397 722 3
397 727 4
397 732 4
397 735 5
397 738 4
397 742 5
397 744 5
397 746 4
397 747 5
397 754 5
397 755 3
397 760 3
397 763 4
397 768 2
397 772 5
397 774 4
397 779 4
397 781 3
397 806 5
397 809 3
397 813 5
397 817 3
397 824 4
397 825 4
397 826 4
397 845 5
397 924 5
397 926 4
397 928 4
397 941 4
397 946 4
397 959 4
397 969 4
397 975 5
397 977 3
397 986 3
398 258 5
398 259 3
398 288 5
398 294 4
398 304 5
398 307 4
398 321 4
398 323 4
398 689 4
399 1 4
399 9 5
399 11 4
399 13 4
399 14 4
399 26 3
399 44 3
399 50 5
399 64 5
399 65 3
399 70 3
399 71 3
399 83 5
399 97 4
399 100 5
399 111 3
399 117 4
399 121 4
399 127 5
399 133 4
399 135 4
399 143 4
399 144 4
399 147 4
399 151 4
399 153 4
399 154 4
399 157 3
399 161 3
399 162 3
399 168 4
399 172 5
399 173 4
399 174 5
399 181 5
399 194 4
399 196 4
399 197 5
399 198 4
399 199 4
399 202 4
399 204 4
399 210 4
399 225 3
399 235 3
399 237 4
399 248 4
399 257 4
399 272 5
399 273 4
399 275 4
399 276 5
399 280 3
399 282 4
399 294 4
399 302 5
399 312 4
399 315 5
399 316 5
399 318 5
399 321 5
399 322 4
399 328 4
399 357 4
399 365 2
399 371 3
399 385 4
399 404 3
399 430 4
399 435 5
399 451 3
399 462 4
399 471 4
399 478 4
399 481 3
399 484 5
399 485 4
399 486 3
399 493 5
399 499 4
399 501 3
399 507 4
399 508 4
399 509 3
399 511 4
399 515 5
399 519 4
399 520 4
399 527 4
399 528 4
399 535 3
399 553 3
399 566 4
399 582 4
399 603 4
399 604 3
399 609 4
399 630 3
399 632 3
399 638 5
399 651 4
399 654 4
399 655 4
399 659 4
399 661 5
399 684 4
399 707 4
399 724 4
399 735 4
399 748 4
399 762 3
399 815 3
399 866 3
399 892 3
400 1 5
400 9 5
400 10 4
400 13 4
400 16 4
400 19 5
400 25 4
400 42 4
400 48 4
400 50 5
400 96 5
400 111 4
400 116 5
400 117 5
400 124 5
400 126 5
400 127 5
400 135 5
400 151 4
400 182 4
400 204 5
400 222 5
400 234 5
400 237 4
400 245 5
400 255 4
400 273 5
400 276 5
400 286 5
400 455 4
400 471 4
400 475 4
400 476 3
400 480 4
400 483 5
400 511 5
400 529 4
400 591 5
400 628 5
400 696 4
400 764 3
