201 1 5
201 111 5
201 283 5
201 291 5
201 305 5
201 361 5
201 475 5
201 740 5
202 259 4
202 288 5
202 294 5
202 682 4
202 876 3
202 880 5
202 887 5
202 895 4
202 948 4
203 7 4
203 9 4
203 111 4
203 118 4
203 121 4
203 123 4
203 127 5
203 129 5
203 148 3
203 181 5
203 222 5
203 235 4
203 240 4
203 258 5
203 274 4
203 276 4
203 284 4
203 291 4
203 370 4
203 410 4
203 471 4
203 472 4
203 477 4
203 515 5
203 546 4
203 597 4
203 748 4
203 845 4
203 864 4
203 866 4
203 925 4
203 928 3
204 22 5
204 66 5
204 243 5
204 245 5
204 258 5
204 259 5
204 269 5
204 270 5
204 289 5
204 294 5
204 300 5
204 302 5
204 307 5
204 310 5
204 313 5
204 323 5
204 327 5
204 328 5
204 332 5
204 333 5
204 342 5
204 343 5
204 348 5
204 689 5
204 690 5
204 748 5
204 754 5
204 879 5
204 892 5
204 901 3
205 2 5
205 5 4
205 8 5
205 11 5
205 12 5
205 22 5
205 23 5
205 28 5
205 29 4
205 30 3
205 31 5
205 32 4
205 33 5
205 37 1
205 38 5
205 39 4
205 41 2
205 42 5
205 43 5
205 45 4
205 47 4
205 48 5
205 49 4
205 50 5
205 51 3
205 52 4
205 53 4
205 55 5
205 56 5
205 57 4
205 58 4
205 60 5
205 61 4
205 62 5
205 63 4
205 64 5
205 66 4
205 67 4
205 68 5
205 70 4
205 71 5
205 72 4
205 73 4
205 75 3
205 76 4
205 77 4
205 78 4
205 80 3
205 81 3
205 82 5
205 83 5
205 85 4
205 87 5
205 88 5
205 90 3
205 91 4
205 92 4
205 94 5
205 96 5
205 97 5
205 98 5
205 101 3
205 102 3
205 127 5
205 132 5
205 135 5
205 139 5
205 141 5
205 142 4
205 143 5
205 149 4
205 161 5
205 168 5
205 169 5
205 171 5
205 172 5
205 173 5
205 175 5
205 178 5
205 179 5
205 180 5
205 183 5
205 184 5
205 185 5
205 186 5
205 188 5
205 189 5
205 190 5
205 192 4
205 193 5
205 195 5
205 197 5
205 198 4
205 199 5
205 200 4
205 201 5
205 202 5
205 204 5
205 206 5
205 207 5
205 208 5
205 210 5
205 211 5
205 212 4
205 214 4
205 215 5
205 216 5
205 217 4
205 218 4
205 219 3
205 226 5
205 227 4
205 228 5
205 229 4
205 230 4
205 231 4
205 232 4
205 233 5
205 234 5
205 239 5
205 265 5
205 288 5
205 302 5
205 308 5
205 317 4
205 318 5
205 347 5
205 350 5
205 351 5
205 356 4
205 361 5
205 364 3
205 365 5
205 366 5
205 367 4
205 371 4
205 374 5
205 376 4
205 377 3
205 379 4
205 383 2
205 384 4
205 386 3
205 387 4
205 388 2
205 391 4
205 393 5
205 395 4
205 396 4
205 397 5
205 399 5
205 400 4
205 402 4
205 403 5
205 404 4
205 414 4
205 415 4
205 416 4
205 417 3
205 419 4
205 420 5
205 421 5
205 422 5
205 423 5
205 426 5
205 427 5
205 430 5
205 431 5
205 432 4
205 433 5
205 434 3
205 437 3
205 438 4
205 439 3
205 440 2
205 441 4
205 442 3
205 444 4
205 446 4
205 447 4
205 448 3
205 449 5
205 450 4
205 451 4
205 452 4
205 453 3
205 461 3
205 462 5
205 463 5
205 464 5
205 465 4
205 467 4
205 469 5
205 470 4
205 480 5
205 482 4
205 501 5
205 504 4
205 509 4
205 510 5
205 511 5
205 514 5
205 515 5
205 516 4
205 517 4
205 518 5
205 519 4
205 520 5
205 521 4
205 522 4
205 523 5
205 524 5
205 525 5
205 526 4
205 527 4
205 528 5
205 529 4
205 530 4
205 536 3
205 537 4
205 540 3
205 541 4
205 543 4
205 545 1
205 548 4
205 549 4
205 551 3
205 552 3
205 553 3
205 554 4
205 555 5
205 556 2
205 557 3
205 558 4
205 559 3
205 560 4
205 561 2
205 562 4
205 563 2
205 564 3
205 565 4
205 566 5
205 567 3
205 568 5
205 569 3
205 570 5
205 573 4
205 574 2
205 575 3
205 577 2
205 578 5
205 579 2
205 580 5
205 581 3
205 583 3
205 584 4
205 585 3
205 586 4
205 588 5
205 592 2
205 593 5
205 606 4
205 622 4
205 623 3
205 624 2
205 625 4
205 626 3
205 627 4
205 639 3
205 642 4
205 643 2
205 644 3
205 645 5
205 647 4
205 648 4
205 649 4
205 650 4
205 651 5
205 652 4
205 653 5
205 654 4
205 655 5
205 656 4
205 659 4
205 661 5
205 662 3
205 664 3
205 666 2
205 667 3
205 669 3
205 670 4
205 671 5
205 673 5
205 674 3
205 675 5
205 679 4
205 684 5
205 692 4
205 694 5
205 695 2
205 697 5
205 699 5
205 700 1
205 702 3
205 707 4
205 708 4
205 710 4
205 712 5
205 714 3
205 715 4
205 716 4
205 719 1
205 720 5
205 721 3
205 722 3
205 723 3
205 726 3
205 727 3
205 728 3
205 729 5
205 731 4
205 732 4
205 734 4
205 736 5
205 739 4
205 745 5
205 746 5
205 747 4
205 753 5
205 755 5
205 759 3
205 761 3
205 765 5
205 768 4
205 769 5
205 770 3
205 771 3
205 772 5
205 773 5
205 774 4
205 775 3
205 776 2
205 777 3
205 778 5
205 779 5
205 780 3
205 782 3
205 783 4
205 784 1
205 785 4
205 786 2
205 787 4
205 788 1
205 789 4
205 790 4
205 791 4
205 793 3
205 794 5
205 795 4
205 796 3
205 798 5
205 802 4
205 807 1
205 808 4
205 810 5
205 812 1
205 816 5
205 842 4
205 843 4
205 849 4
205 851 5
205 853 5
205 854 4
205 855 4
205 858 1
205 859 3
205 860 2
205 861 3
205 904 5
205 921 4
205 939 5
205 941 4
205 943 5
205 944 3
205 946 3
205 947 3
205 949 3
205 951 3
205 953 4
205 955 4
205 956 4
205 957 2
205 959 4
205 960 5
205 964 3
205 969 3
205 971 3
205 994 5
205 996 3
205 997 2
205 999 5
206 1 5
206 3 5
206 4 5
206 5 5
206 7 5
206 8 5
206 10 5
206 11 5
206 12 5
206 13 5
206 14 5
206 15 5
206 20 5
206 22 5
206 24 5
206 25 5
206 28 5
206 32 5
206 39 5
206 40 5
206 42 5
206 47 5
206 48 5
206 50 5
206 52 5
206 53 5
206 58 5
206 63 5
206 64 5
206 69 5
206 71 5
206 72 5
206 79 5
206 85 5
206 86 5
206 87 5
206 89 5
206 92 5
206 93 5
206 96 5
206 99 5
206 115 5
206 117 5
206 121 5
206 123 5
206 125 5
206 127 5
206 129 5
206 131 5
206 132 5
206 133 5
206 134 5
206 135 5
206 136 5
206 143 5
206 148 5
206 151 5
206 152 5
206 153 5
206 156 5
206 158 5
206 164 5
206 168 5
206 170 5
206 172 5
206 173 5
206 174 5
206 175 5
206 179 5
206 181 5
206 182 5
206 183 5
206 186 5
206 187 5
206 188 5
206 190 5
206 191 5
206 194 5
206 195 5
206 196 5
206 198 5
206 199 5
206 202 5
206 203 5
206 204 5
206 206 5
206 209 5
206 211 5
206 212 5
206 213 5
206 215 5
206 218 5
206 219 5
206 220 5
206 222 5
206 228 5
206 234 5
206 235 5
206 237 5
206 238 5
206 239 5
206 240 5
206 274 5
206 275 5
206 276 5
206 277 5
206 284 5
206 289 5
206 317 5
206 318 5
206 357 5
206 368 5
206 381 5
206 396 5
206 404 5
206 405 5
206 410 5
206 411 5
206 414 5
206 418 5
206 419 5
206 420 5
206 421 5
206 427 5
206 428 5
206 429 5
206 430 5
206 431 5
206 434 5
206 435 5
206 436 5
206 443 5
206 447 5
206 451 5
206 452 5
206 453 5
206 461 5
206 463 5
206 468 5
206 469 5
206 474 5
206 476 5
206 478 5
206 479 5
206 481 5
206 482 5
206 485 5
206 487 5
206 490 5
206 496 5
206 498 5
206 499 5
206 501 5
206 503 3
206 504 5
206 505 5
206 508 5
206 509 5
206 511 5
206 514 5
206 515 5
206 517 5
206 519 5
206 520 5
206 523 5
206 524 5
206 526 5
206 527 5
206 528 5
206 529 5
206 543 5
206 559 5
206 561 5
206 573 5
206 575 5
206 582 5
206 588 5
206 589 5
206 591 5
206 596 5
206 605 5
206 606 5
206 607 5
206 608 4
206 610 4
206 611 3
206 612 5
206 624 5
206 632 5
206 633 5
206 634 4
206 638 5
206 639 4
206 640 5
206 641 5
206 642 5
206 645 5
206 647 5
206 651 5
206 652 5
206 655 5
206 662 5
206 663 5
206 664 5
206 665 5
206 672 5
206 675 5
206 692 5
206 693 5
206 699 5
206 701 5
206 705 5
206 712 5
206 713 5
206 715 5
206 727 5
206 732 5
206 735 5
206 737 5
206 745 5
206 746 5
206 747 5
206 756 5
206 769 5
206 772 5
206 787 5
206 813 5
206 823 5
206 825 5
206 826 5
206 831 5
206 845 5
206 919 5
206 923 5
206 942 5
206 945 5
206 960 5
206 962 3
207 1 5
207 2 4
207 8 5
207 25 5
207 28 5
207 29 3
207 40 4
207 45 4
207 50 5
207 56 5
207 62 4
207 68 4
207 69 5
207 70 5
207 72 3
207 82 5
207 88 5
207 89 5
207 91 3
207 96 5
207 97 5
207 98 5
207 99 5
207 100 5
207 118 5
207 123 5
207 127 5
207 132 5
207 135 5
207 143 5
207 144 5
207 147 5
207 157 5
207 158 3
207 159 5
207 161 4
207 163 4
207 172 5
207 173 5
207 174 5
207 177 5
207 179 5
207 180 5
207 181 5
207 182 5
207 183 5
207 185 5
207 186 5
207 188 4
207 193 5
207 196 5
207 197 5
207 200 5
207 201 4
207 202 5
207 203 4
207 205 5
207 208 5
207 209 5
207 211 5
207 214 4
207 215 5
207 216 5
207 217 4
207 218 4
207 222 5
207 223 5
207 226 4
207 227 5
207 228 5
207 229 4
207 230 4
207 231 3
207 232 3
207 235 4
207 238 5
207 239 4
207 244 5
207 248 5
207 249 5
207 250 5
207 255 5
207 257 5
207 258 5
207 265 5
207 269 5
207 274 5
207 286 5
207 289 5
207 290 5
207 291 5
207 313 5
207 315 5
207 316 5
207 345 5
207 357 5
207 371 4
207 382 5
207 385 4
207 393 5
207 399 4
207 400 5
207 403 4
207 405 5
207 416 5
207 418 4
207 423 5
207 427 5
207 428 5
207 432 4
207 433 5
207 436 5
207 447 4
207 448 4
207 449 4
207 455 4
207 466 5
207 476 4
207 478 5
207 479 5
207 483 5
207 484 5
207 493 5
207 496 5
207 502 4
207 508 5
207 510 5
207 514 5
207 521 5
207 525 5
207 559 3
207 561 3
207 565 3
207 603 5
207 616 5
207 629 4
207 635 4
207 642 5
207 648 4
207 655 5
207 656 5
207 657 5
207 660 5
207 675 5
207 684 5
207 705 4
207 710 4
207 712 4
207 715 5
207 729 5
207 732 4
207 746 5
207 755 4
207 756 4
207 785 4
207 844 4
207 859 5
207 869 3
207 879 5
207 949 5
207 969 3
207 972 3
207 993 4
208 258 5
208 270 5
208 271 5
208 286 5
208 288 5
208 294 5
208 300 5
208 312 4
208 313 5
208 319 5
208 324 5
208 358 4
208 539 4
208 683 5
208 689 5
209 6 5
209 8 5
209 9 5
209 14 5
209 22 5
209 23 5
209 28 5
209 30 4
209 48 5
209 50 5
209 58 5
209 59 5
209 60 5
209 65 5
209 87 5
209 89 5
209 97 5
209 98 5
209 99 5
209 100 5
209 133 4
209 135 5
209 154 5
209 156 5
209 162 4
209 166 4
209 170 5
209 172 5
209 173 5
209 175 5
209 179 5
209 181 5
209 186 5
209 187 5
209 191 5
209 192 5
209 195 5
209 197 5
209 199 5
209 200 4
209 201 5
209 202 5
209 203 5
209 204 5
209 205 5
209 207 4
209 209 5
209 210 5
209 213 5
209 214 4
209 216 5
209 223 5
209 264 5
209 266 5
209 270 5
209 275 5
209 276 5
209 283 5
209 285 5
209 286 5
209 288 5
209 300 5
209 303 5
209 318 5
209 321 5
209 322 5
209 325 5
209 327 5
209 339 5
209 343 5
209 357 5
209 367 4
209 381 4
209 382 5
209 404 5
209 427 5
209 428 5
209 429 5
209 430 5
209 433 5
209 435 5
209 461 4
209 474 5
209 478 5
209 479 5
209 480 5
209 481 4
209 482 5
209 483 5
209 484 5
209 485 5
209 486 4
209 489 4
209 491 5
209 493 5
209 496 5
209 497 4
209 498 5
209 504 5
209 505 4
209 514 5
209 516 4
209 518 5
209 520 5
209 523 5
209 526 5
209 527 5
209 528 5
209 530 5
209 604 5
209 606 5
209 607 4
209 608 4
209 609 5
209 615 5
209 618 4
209 631 4
209 633 5
209 647 4
209 654 5
209 659 5
209 661 5
209 664 4
209 676 5
209 680 5
209 684 5
209 708 4
209 709 5
209 714 5
209 733 5
209 749 5
209 855 4
209 877 4
209 879 5
209 937 5
209 945 5
209 965 4
209 995 5
210 286 4
210 289 3
210 300 3
210 312 3
210 313 4
210 315 4
210 316 5
210 328 5
210 340 3
210 347 3
210 354 4
210 538 5
210 690 4
210 748 4
210 754 3
210 873 3
210 882 5
210 886 3
210 905 2
211 1 5
211 4 4
211 9 5
211 22 5
211 28 5
211 50 5
211 56 5
211 58 4
211 73 4
211 88 5
211 117 5
211 161 4
211 168 5
211 172 5
211 181 5
211 182 5
211 186 5
211 195 5
211 196 4
211 208 5
211 209 5
211 210 5
211 222 5
211 227 5
211 228 5
211 229 4
211 230 4
211 265 5
211 304 5
211 405 5
211 435 5
211 449 5
211 451 4
211 485 5
211 566 4
211 568 5
211 651 5
211 655 5
211 709 5
211 720 3
211 732 4
211 770 5
212 4 5
212 7 5
212 23 5
212 24 5
212 28 5
212 56 5
212 64 5
212 81 5
212 92 5
212 96 5
212 114 5
212 117 5
212 135 5
212 150 5
212 154 5
212 172 5
212 173 5
212 175 5
212 182 5
212 186 5
212 193 5
212 202 5
212 206 5
212 211 5
212 218 5
212 318 5
212 340 5
212 357 5
212 408 5
212 436 5
212 480 5
212 487 5
212 526 5
212 634 5
212 651 5
212 684 5
212 724 5
213 7 5
213 9 5
213 14 5
213 50 5
213 124 5
213 147 5
213 181 5
213 222 5
213 236 5
213 245 5
213 250 5
213 255 5
213 257 5
213 258 5
213 260 5
213 270 5
213 275 5
213 286 5
213 297 5
213 300 5
213 301 5
213 302 5
213 303 5
213 306 5
213 326 5
213 328 5
213 332 5
213 471 5
213 508 5
213 628 5
213 690 5
213 877 5
214 258 5
214 260 5
214 264 5
214 294 5
214 300 5
214 301 5
214 310 5
214 325 5
214 343 5
214 346 5
214 678 5
214 748 5
215 56 5
215 154 5
215 195 5
215 243 5
215 269 5
215 322 5
215 323 5
215 328 5
215 479 5
215 480 5
215 531 5
215 748 5
216 1 5
216 2 5
216 7 5
216 8 5
216 9 5
216 10 5
216 11 5
216 12 5
216 13 5
216 14 5
216 21 5
216 22 5
216 24 5
216 25 5
216 27 4
216 28 5
216 29 4
216 31 5
216 32 5
216 36 5
216 38 5
216 41 5
216 42 5
216 43 4
216 44 5
216 49 5
216 50 5
216 51 5
216 53 5
216 54 5
216 56 5
216 58 5
216 64 5
216 65 5
216 66 5
216 67 4
216 69 5
216 70 5
216 71 5
216 73 5
216 77 5
216 81 5
216 82 5
216 83 5
216 85 5
216 86 5
216 87 5
216 88 5
216 90 4
216 92 5
216 93 5
216 94 5
216 97 5
216 98 5
216 105 5
216 106 5
216 107 5
216 117 5
216 121 5
216 123 5
216 125 5
216 126 5
216 127 5
216 132 5
216 133 5
216 134 5
216 136 5
216 137 5
216 140 4
216 142 3
216 143 5
216 144 5
216 148 5
216 154 5
216 155 5
216 156 5
216 157 5
216 158 4
216 159 5
216 168 5
216 172 5
216 174 5
216 176 5
216 178 5
216 181 5
216 182 5
216 183 5
216 185 5
216 187 5
216 191 5
216 194 5
216 195 5
216 196 5
216 197 5
216 199 5
216 200 5
216 202 5
216 203 5
216 204 5
216 209 5
216 210 5
216 211 5
216 213 5
216 215 5
216 216 5
216 217 5
216 219 4
216 220 5
216 225 5
216 226 5
216 230 5
216 234 5
216 237 5
216 238 5
216 239 5
216 240 5
216 241 5
216 242 5
216 245 5
216 246 5
216 249 5
216 250 5
216 251 5
216 252 5
216 253 5
216 254 5
216 257 5
216 258 5
216 259 5
216 264 5
216 266 5
216 268 5
216 272 5
216 274 5
216 275 5
216 276 5
216 277 5
216 281 5
216 283 5
216 284 5
216 285 5
216 286 5
216 287 5
216 288 5
216 289 5
216 294 5
216 295 5
216 297 5
216 298 5
216 301 5
216 304 5
216 307 5
216 312 5
216 313 5
216 315 5
216 316 5
216 317 5
216 318 5
216 319 5
216 322 5
216 323 5
216 326 5
216 327 5
216 328 5
216 329 5
216 331 5
216 332 5
216 333 5
216 338 5
216 339 5
216 346 5
216 347 5
216 348 5
216 354 5
216 356 5
216 357 5
216 364 5
216 366 5
216 367 5
216 369 5
216 375 5
216 378 5
216 385 5
216 388 5
216 393 5
216 395 5
216 396 5
216 399 5
216 401 4
216 402 5
216 403 5
216 404 5
216 405 5
216 411 5
216 412 5
216 416 5
216 417 5
216 418 5
216 419 5
216 423 5
216 425 5
216 427 5
216 431 5
216 432 5
216 433 5
216 443 5
216 448 4
216 451 5
216 452 5
216 462 5
216 463 5
216 468 5
216 469 5
216 471 5
216 472 5
216 473 5
216 475 5
216 476 5
216 479 5
216 480 5
216 496 5
216 498 5
216 500 5
216 501 5
216 506 5
216 509 5
216 515 5
216 526 5
216 531 5
216 532 5
216 538 5
216 546 5
216 549 5
216 553 5
216 554 4
216 559 4
216 560 3
216 564 3
216 568 5
216 576 4
216 578 4
216 585 5
216 588 5
216 591 5
216 592 5
216 607 5
216 614 5
216 619 5
216 625 4
216 627 5
216 628 5
216 633 5
216 651 5
216 652 5
216 657 5
216 658 5
216 660 5
216 662 5
216 676 5
216 678 5
216 682 5
216 684 5
216 685 5
216 686 5
216 689 5
216 690 5
216 692 5
216 693 5
216 696 5
216 699 5
216 707 5
216 708 5
216 710 5
216 712 5
216 713 5
216 717 5
216 720 4
216 721 5
216 723 5
216 724 5
216 729 5
216 734 5
216 735 5
216 737 5
216 738 5
216 739 5
216 746 5
216 747 5
216 748 5
216 750 5
216 754 5
216 755 5
216 761 5
216 762 5
216 763 5
216 768 4
216 770 4
216 775 5
216 778 5
216 781 5
216 783 4
216 785 5
216 790 5
216 792 5
216 794 5
216 795 5
216 803 4
216 807 1
216 812 1
216 815 5
216 819 5
216 821 5
216 824 4
216 833 5
216 834 4
216 840 5
216 842 5
216 843 5
216 845 5
216 849 3
216 864 5
216 865 5
216 866 5
216 873 4
216 874 5
216 879 5
216 895 5
216 915 5
216 916 4
216 917 5
216 918 5
216 928 5
216 929 5
216 930 5
216 931 4
216 934 5
216 936 5
216 937 5
216 938 5
216 941 3
216 955 5
216 959 5
216 966 5
216 972 5
216 975 5
216 980 5
216 985 5
216 990 5
216 997 4
217 1 5
217 3 4
217 5 4
217 7 5
217 11 5
217 12 5
217 13 5
217 15 5
217 16 5
217 17 4
217 20 5
217 23 5
217 24 5
217 27 4
217 29 4
217 32 5
217 39 4
217 42 5
217 44 5
217 47 4
217 50 5
217 51 4
217 55 5
217 56 5
217 58 4
217 62 5
217 63 5
217 64 5
217 65 5
217 67 4
217 68 4
217 69 5
217 70 5
217 72 4
217 73 5
217 77 5
217 78 3
217 79 5
217 80 4
217 81 5
217 82 5
217 83 5
217 89 5
217 91 4
217 95 5
217 96 5
217 97 5
217 98 5
217 99 5
217 100 5
217 101 3
217 106 5
217 109 5
217 118 5
217 120 4
217 123 5
217 125 5
217 127 5
217 131 5
217 132 5
217 135 5
217 139 4
217 142 3
217 144 5
217 145 3
217 147 5
217 154 5
217 157 5
217 159 5
217 162 5
217 164 5
217 167 4
217 169 5
217 171 5
217 172 5
217 173 5
217 174 5
217 176 5
217 178 5
217 179 5
217 181 5
217 183 5
217 184 5
217 186 5
217 190 5
217 195 5
217 196 5
217 198 5
217 200 5
217 201 5
217 202 5
217 206 4
217 207 5
217 208 5
217 211 5
217 214 5
217 216 5
217 217 4
217 218 5
217 219 4
217 222 5
217 223 5
217 226 5
217 228 5
217 232 3
217 234 5
217 235 5
217 242 5
217 245 5
217 246 5
217 248 5
217 250 5
217 255 5
217 257 5
217 258 5
217 260 4
217 264 5
217 265 5
217 270 5
217 273 5
217 286 5
217 288 5
217 290 5
217 293 5
217 294 5
217 298 5
217 323 5
217 324 5
217 325 5
217 326 5
217 340 5
217 357 5
217 358 5
217 364 4
217 367 5
217 373 4
217 380 5
217 382 5
217 384 5
217 385 5
217 386 4
217 388 5
217 391 3
217 392 4
217 393 5
217 395 4
217 396 4
217 399 4
217 402 5
217 403 5
217 404 5
217 413 4
217 419 5
217 420 4
217 422 4
217 423 5
217 425 5
217 428 5
217 431 5
217 433 5
217 436 4
217 441 4
217 444 3
217 447 4
217 449 5
217 451 5
217 452 4
217 461 5
217 465 4
217 472 5
217 474 5
217 475 5
217 483 5
217 484 5
217 485 5
217 498 5
217 501 5
217 508 5
217 513 5
217 518 5
217 541 3
217 544 4
217 545 1
217 546 5
217 550 5
217 551 3
217 552 4
217 555 3
217 559 3
217 561 3
217 562 4
217 563 3
217 574 3
217 578 5
217 579 3
217 582 5
217 588 5
217 596 5
217 597 5
217 614 5
217 616 5
217 625 4
217 628 5
217 631 4
217 636 4
217 638 5
217 640 4
217 642 4
217 655 5
217 658 4
217 665 4
217 668 3
217 669 3
217 674 4
217 679 4
217 684 5
217 685 5
217 692 5
217 708 5
217 709 5
217 710 4
217 715 4
217 723 4
217 725 4
217 727 5
217 728 4
217 732 5
217 742 5
217 746 5
217 747 5
217 748 5
217 758 2
217 762 5
217 764 5
217 765 4
217 767 4
217 769 4
217 774 3
217 778 5
217 781 5
217 783 5
217 792 5
217 796 5
217 797 3
217 800 4
217 804 5
217 809 4
217 810 4
217 815 5
217 825 4
217 827 4
217 831 4
217 849 4
217 855 4
217 871 5
217 895 5
217 923 5
217 928 4
217 940 3
217 943 5
217 944 3
217 946 4
217 963 4
217 979 5
217 999 5
217 1000 5
218 269 4
218 302 4
218 304 4
218 315 4
218 328 4
218 331 5
218 333 4
218 344 3
218 346 5
218 362 3
218 750 4
218 895 4
218 899 4
219 14 5
219 79 5
219 89 5
219 100 5
219 134 5
219 173 5
219 181 5
219 223 5
219 257 5
219 275 5
219 286 5
219 306 5
219 405 5
219 478 5
219 488 5
219 514 5
220 19 5
220 86 5
220 100 5
220 116 5
220 137 5
220 251 5
220 275 5
220 301 5
220 302 5
220 319 5
220 331 5
220 408 5
220 478 5
220 484 5
220 508 5
220 513 5
220 603 5
220 750 5
220 753 5
221 4 5
221 7 5
221 11 5
221 12 5
221 50 5
221 56 5
221 82 5
221 87 5
221 96 5
221 100 5
221 117 5
221 124 5
221 127 5
221 129 5
221 144 5
221 156 5
221 164 5
221 174 5
221 175 5
221 176 5
221 182 5
221 183 5
221 185 5
221 187 5
221 194 5
221 200 5
221 213 5
221 218 5
221 234 5
221 238 5
221 302 5
221 333 5
221 443 5
221 448 4
221 466 5
221 516 5
221 517 5
221 603 5
221 653 5
221 657 5
221 672 4
221 709 5
221 879 5
221 914 5
221 915 5
222 1 5
222 5 5
222 15 5
222 50 5
222 53 4
222 93 5
222 98 5
222 100 5
222 109 5
222 117 5
222 124 5
222 126 5
222 127 5
222 129 5
222 137 5
222 151 5
222 181 5
222 184 5
222 200 5
222 201 5
222 217 4
222 219 4
222 222 5
222 235 4
222 250 5
222 257 5
222 258 5
222 260 4
222 270 5
222 275 5
222 276 5
222 286 5
222 287 5
222 288 5
222 293 5
222 294 5
222 299 5
222 307 5
222 324 5
222 325 5
222 326 5
222 327 5
222 334 5
222 358 4
222 370 4
222 379 4
222 396 5
222 410 4
222 436 5
222 447 5
222 448 4
222 452 4
222 458 5
222 475 5
222 477 5
222 515 5
222 551 3
222 558 5
222 559 4
222 561 3
222 590 3
222 665 4
222 670 5
222 671 5
222 672 4
222 682 4
222 919 5
222 922 5
222 926 4
223 15 5
223 127 5
223 148 5
223 237 5
223 245 5
223 258 5
223 269 5
223 272 5
223 276 5
223 282 5
223 286 5
223 299 5
223 300 5
223 302 5
223 304 5
223 307 5
223 310 5
223 313 5
223 315 5
223 322 5
223 323 5
223 326 5
223 327 5
223 328 5
223 329 5
223 333 5
223 340 5
223 344 5
223 347 5
223 348 5
223 355 5
223 471 5
223 546 5
223 591 5
223 628 5
223 678 5
223 689 5
223 690 5
223 696 4
223 744 5
223 748 5
223 751 5
223 754 5
223 823 5
223 879 5
223 898 5
224 1 5
224 9 5
224 15 5
224 25 5
224 50 5
224 115 5
224 127 5
224 151 5
224 172 5
224 243 5
224 261 5
224 275 5
224 288 5
224 294 5
224 310 5
224 323 5
224 333 5
224 427 5
224 435 5
224 508 5
224 538 5
224 689 5
224 740 5
224 882 5
224 989 4
225 1 5
225 2 3
225 7 5
225 17 3
225 22 5
225 24 4
225 32 5
225 39 3
225 53 2
225 55 5
225 56 5
225 62 3
225 68 3
225 79 5
225 82 4
225 83 5
225 98 5
225 100 5
225 117 5
225 118 4
225 121 5
225 124 5
225 127 5
225 144 5
225 145 3
225 147 5
225 156 5
225 171 5
225 172 5
225 174 5
225 176 5
225 177 5
225 178 5
225 180 5
225 183 5
225 185 5
225 187 5
225 188 4
225 191 5
225 195 5
225 198 5
225 200 5
225 201 4
225 204 5
225 207 5
225 209 5
225 210 5
225 218 5
225 219 3
225 222 5
225 227 4
225 229 3
225 230 4
225 231 3
225 232 3
225 234 5
225 241 4
225 244 5
225 252 4
225 257 5
225 259 4
225 271 5
225 272 5
225 273 5
225 281 4
225 286 5
225 288 5
225 289 5
225 298 5
225 302 5
225 305 5
225 307 5
225 310 5
225 313 5
225 316 5
225 318 5
225 322 5
225 323 5
225 324 5
225 325 5
225 327 5
225 333 5
225 338 4
225 340 5
225 343 5
225 346 5
225 355 5
225 357 5
225 358 5
225 362 5
225 363 4
225 379 3
225 385 4
225 398 2
225 424 4
225 429 5
225 445 5
225 447 4
225 448 3
225 452 3
225 474 5
225 475 5
225 491 4
225 515 5
225 520 5
225 522 5
225 529 5
225 538 4
225 550 4
225 562 4
225 566 4
225 573 4
225 576 2
225 583 3
225 590 3
225 597 5
225 636 3
225 669 2
225 670 5
225 675 5
225 678 5
225 679 3
225 686 4
225 689 5
225 690 5
225 748 5
225 750 5
225 751 5
225 759 2
225 823 5
225 825 4
225 831 4
225 841 4
225 853 5
225 877 4
225 879 5
225 895 5
225 912 2
225 943 5
225 976 4
226 23 5
226 50 5
226 98 5
226 99 4
226 132 4
226 133 4
226 134 4
226 135 5
226 168 5
226 174 5
226 178 5
226 182 5
226 185 4
226 191 4
226 194 4
226 196 5
226 197 5
226 199 5
226 200 4
226 208 4
226 211 4
226 318 5
226 332 5
226 418 3
226 428 4
226 429 4
226 430 4
226 435 5
226 474 5
226 478 4
226 480 4
226 483 5
226 486 5
226 488 4
226 490 4
226 491 3
226 492 3
226 493 4
226 494 3
226 504 4
226 505 3
226 510 4
226 511 5
226 524 3
226 525 5
226 526 4
226 601 3
226 603 5
226 605 3
226 606 3
226 608 3
226 610 2
226 613 3
226 614 3
226 616 4
226 631 3
226 633 4
226 646 4
226 648 4
226 651 5
226 653 5
226 654 4
226 655 4
226 657 4
226 673 5
226 705 4
226 754 5
226 835 2
226 836 3
226 848 3
227 245 4
227 263 5
227 292 5
227 300 4
227 302 4
227 303 4
227 304 4
227 328 3
227 359 3
227 680 3
227 681 5
227 682 3
227 688 3
227 874 4
227 937 5
227 938 2
227 989 5
227 990 5
228 243 5
228 259 5
228 272 5
228 286 5
228 289 5
228 294 5
228 300 5
228 301 5
228 305 5
228 307 5
228 312 5
228 316 5
228 322 5
228 323 5
228 326 5
228 329 5
228 331 5
228 332 5
228 334 5
228 338 5
228 340 5
228 343 5
228 344 5
228 347 5
228 350 5
228 690 5
228 750 5
228 875 5
228 877 5
228 879 5
228 886 5
228 896 5
228 988 5
229 1 5
229 2 4
229 3 5
229 4 5
229 7 5
229 8 5
229 12 5
229 15 5
229 21 4
229 22 5
229 23 5
229 24 5
229 26 5
229 28 5
229 31 5
229 32 5
229 45 5
229 48 5
229 50 5
229 52 5
229 53 4
229 55 5
229 56 5
229 58 5
229 62 4
229 63 5
229 64 5
229 66 5
229 68 5
229 69 5
229 70 5
229 72 5
229 73 4
229 77 5
229 79 5
229 81 4
229 82 5
229 83 5
229 85 4
229 86 5
229 87 5
229 88 5
229 89 5
229 90 3
229 91 5
229 92 5
229 93 5
229 95 5
229 96 5
229 97 5
229 101 4
229 109 5
229 114 5
229 117 5
229 118 5
229 123 5
229 124 5
229 127 5
229 128 4
229 132 5
229 133 5
229 134 5
229 137 5
229 140 5
229 141 5
229 143 5
229 144 5
229 150 5
229 151 5
229 154 5
229 157 5
229 159 5
229 161 5
229 162 5
229 163 5
229 164 5
229 165 5
229 166 5
229 168 5
229 170 5
229 172 5
229 174 5
229 178 5
229 179 5
229 181 5
229 183 5
229 184 5
229 185 5
229 186 5
229 188 5
229 190 5
229 191 5
229 193 5
229 195 5
229 197 5
229 201 5
229 202 5
229 203 5
229 207 5
229 208 5
229 209 5
229 210 5
229 211 5
229 214 4
229 216 5
229 218 5
229 219 3
229 223 5
229 225 5
229 229 4
229 232 4
229 233 5
229 237 5
229 238 5
229 248 5
229 249 5
229 250 5
229 258 5
229 264 5
229 265 5
229 273 5
229 274 5
229 275 5
229 276 5
229 277 5
229 280 5
229 281 5
229 282 5
229 283 5
229 288 5
229 290 5
229 291 5
229 298 5
229 301 5
229 318 5
229 319 5
229 321 5
229 338 5
229 340 5
229 356 5
229 365 4
229 366 5
229 367 5
229 371 5
229 378 5
229 382 4
229 385 5
229 387 4
229 392 5
229 393 5
229 403 5
229 404 5
229 405 5
229 410 5
229 411 5
229 415 4
229 418 5
229 419 5
229 423 5
229 427 5
229 428 5
229 430 5
229 431 5
229 432 5
229 435 5
229 436 5
229 441 3
229 448 4
229 455 5
229 457 2
229 464 5
229 466 5
229 467 5
229 468 5
229 470 5
229 473 5
229 475 5
229 480 5
229 481 4
229 482 5
229 483 5
229 484 5
229 485 5
229 491 4
229 493 5
229 495 5
229 496 5
229 499 5
229 500 5
229 502 5
229 504 5
229 505 5
229 508 5
229 511 5
229 514 5
229 520 5
229 527 5
229 531 5
229 535 4
229 537 4
229 546 5
229 549 5
229 550 5
229 559 4
229 566 5
229 568 5
229 569 3
229 570 5
229 578 4
229 581 4
229 584 5
229 591 5
229 602 5
229 603 5
229 611 4
229 625 4
229 627 4
229 628 5
229 629 5
229 631 4
229 633 5
229 635 4
229 636 4
229 640 4
229 642 5
229 652 5
229 654 5
229 655 5
229 658 4
229 662 5
229 665 4
229 671 5
229 672 4
229 673 5
229 679 5
229 684 5
229 686 5
229 692 5
229 693 5
229 700 2
229 702 4
229 705 5
229 708 5
229 709 5
229 710 4
229 726 5
229 729 5
229 732 5
229 735 5
229 742 5
229 744 5
229 747 5
229 755 5
229 756 5
229 761 4
229 762 5
229 763 5
229 768 5
229 780 4
229 794 5
229 804 2
229 805 3
229 820 5
229 826 5
229 833 5
229 845 5
229 847 5
229 921 4
229 941 5
229 944 4
229 961 4
229 967 4
229 972 4
230 9 5
230 10 5
230 12 5
230 19 5
230 42 5
230 50 5
230 56 5
230 98 5
230 100 5
230 101 3
230 117 5
230 124 5
230 129 5
230 137 5
230 148 4
230 152 5
230 165 5
230 181 5
230 221 5
230 222 5
230 237 5
230 248 5
230 253 5
230 258 5
230 264 4
230 273 5
230 276 5
230 286 5
230 288 5
230 293 5
230 294 5
230 318 5
230 328 5
230 462 5
230 514 5
230 515 5
230 527 5
230 528 5
230 547 3
230 628 5
230 656 5
230 674 3
230 744 5
231 245 5
231 286 5
231 302 5
231 322 5
231 323 5
231 327 5
231 358 5
231 689 4
231 748 5
231 879 5
231 988 5
232 1 5
232 3 3
232 7 5
232 50 5
232 93 5
232 100 5
232 108 5
232 109 4
232 111 4
232 117 5
232 118 4
232 121 5
232 123 4
232 150 5
232 151 4
232 181 5
232 222 5
232 237 5
232 248 4
232 249 3
232 250 4
232 257 5
232 258 5
232 284 4
232 294 5
232 300 5
232 315 5
232 322 5
232 405 4
232 410 3
232 411 4
232 471 4
232 508 4
232 546 4
232 620 4
232 628 5
232 678 4
232 742 4
232 763 3
232 815 3
232 844 3
232 845 5
232 864 3
232 871 3
233 50 5
233 59 4
233 60 4
233 95 4
233 173 5
233 174 5
233 246 5
233 268 5
233 269 5
233 273 5
233 276 5
233 293 5
233 294 5
233 302 5
233 323 4
233 325 4
233 326 5
233 333 5
233 358 4
233 435 5
233 474 5
233 507 5
233 657 5
233 682 3
233 690 4
233 748 4
233 754 4
233 919 5
234 7 5
234 9 5
234 111 5
234 125 5
234 147 5
234 148 5
234 220 5
234 225 5
234 237 5
234 274 5
234 275 5
234 283 5
234 288 5
234 347 5
234 406 4
234 471 5
234 476 5
234 477 5
234 546 5
234 628 5
234 743 4
234 756 5
234 763 5
234 815 4
234 819 4
234 833 5
234 928 5
234 975 5
235 1 5
235 3 5
235 4 5
235 5 5
235 7 5
235 9 5
235 11 5
235 12 5
235 15 5
235 21 5
235 22 5
235 23 5
235 24 5
235 25 5
235 27 4
235 28 5
235 29 4
235 31 5
235 38 5
235 40 5
235 42 5
235 45 5
235 49 5
235 50 5
235 52 5
235 54 5
235 62 5
235 63 5
235 64 5
235 67 5
235 68 5
235 69 5
235 71 5
235 72 5
235 73 5
235 80 5
235 81 4
235 82 5
235 83 5
235 85 5
235 86 5
235 89 5
235 90 4
235 96 5
235 100 5
235 105 5
235 108 5
235 109 5
235 111 5
235 115 5
235 117 5
235 118 5
235 121 5
235 122 5
235 123 5
235 125 5
235 128 4
235 132 5
235 135 5
235 136 5
235 141 5
235 148 5
235 151 5
235 152 4
235 153 5
235 154 5
235 156 5
235 157 5
235 159 5
235 160 5
235 161 5
235 162 5
235 163 5
235 164 5
235 167 5
235 168 5
235 171 5
235 172 5
235 173 5
235 174 5
235 175 5
235 176 5
235 182 5
235 183 5
235 184 5
235 185 5
235 186 5
235 187 5
235 188 5
235 190 5
235 191 5
235 195 5
235 196 5
235 199 5
235 200 5
235 204 5
235 206 5
235 211 5
235 214 5
235 215 5
235 216 5
235 217 5
235 218 5
235 219 4
235 222 5
235 225 5
235 226 5
235 227 5
235 228 5
235 229 5
235 230 5
235 234 5
235 239 5
235 240 5
235 245 5
235 246 5
235 250 5
235 252 5
235 254 5
235 255 5
235 257 5
235 258 5
235 260 5
235 264 5
235 273 5
235 284 5
235 290 5
235 291 5
235 294 5
235 299 5
235 300 5
235 307 5
235 313 5
235 317 5
235 318 5
235 321 5
235 327 5
235 331 5
235 338 5
235 343 5
235 351 5
235 354 5
235 358 5
235 367 5
235 369 5
235 376 4
235 380 5
235 381 5
235 382 5
235 384 5
235 385 5
235 386 5
235 392 5
235 393 5
235 394 4
235 399 5
235 402 5
235 403 5
235 404 5
235 410 5
235 411 5
235 413 5
235 423 5
235 424 5
235 431 5
235 433 5
235 434 5
235 435 5
235 436 5
235 443 5
235 447 5
235 448 4
235 451 5
235 455 5
235 462 5
235 465 5
235 470 5
235 473 5
235 476 5
235 520 5
235 541 4
235 542 4
235 546 5
235 550 5
235 554 5
235 561 5
235 562 5
235 566 5
235 567 2
235 568 5
235 569 5
235 571 4
235 572 5
235 573 5
235 576 5
235 577 5
235 584 5
235 587 4
235 588 5
235 597 5
235 616 5
235 625 5
235 628 5
235 631 5
235 637 5
235 640 5
235 649 4
235 652 5
235 655 5
235 659 5
235 665 5
235 672 4
235 673 5
235 674 4
235 675 5
235 679 5
235 684 5
235 693 5
235 696 5
235 697 5
235 710 5
235 713 5
235 715 5
235 717 5
235 720 5
235 729 5
235 732 5
235 743 4
235 746 5
235 748 5
235 751 5
235 752 5
235 756 5
235 760 5
235 762 5
235 780 5
235 781 5
235 786 5
235 790 5
235 792 5
235 797 5
235 800 5
235 820 5
235 821 5
235 825 5
235 826 5
235 831 5
235 834 3
235 841 5
235 845 5
235 862 5
235 890 4
235 895 5
235 924 5
235 926 5
235 928 5
235 929 5
235 943 5
235 944 4
235 961 5
235 977 5
235 983 5
236 21 5
236 23 5
236 26 5
236 38 5
236 39 5
236 43 4
236 47 5
236 65 5
236 66 5
236 72 5
236 73 5
236 83 5
236 90 4
236 92 5
236 95 5
236 96 5
236 98 5
236 102 3
236 111 5
236 125 5
236 127 5
236 132 5
236 133 5
236 157 5
236 159 5
236 161 5
236 168 5
236 172 5
236 174 5
236 179 5
236 182 5
236 186 5
236 200 5
236 204 5
236 215 5
236 216 5
236 217 5
236 218 5
236 226 5
236 238 5
236 265 5
236 276 5
236 287 5
236 288 5
236 325 5
236 327 5
236 340 5
236 347 5
236 367 5
236 381 5
236 392 5
236 400 1
236 411 5
236 433 5
236 441 5
236 447 5
236 454 3
236 503 5
236 504 5
236 506 5
236 537 5
236 546 5
236 553 5
236 559 5
236 568 5
236 581 5
236 585 5
236 595 5
236 628 5
236 642 5
236 649 3
236 655 5
236 658 5
236 708 5
236 710 5
236 715 5
236 723 5
236 739 5
236 742 5
236 746 5
236 748 5
236 761 5
236 762 5
236 763 5
236 785 5
236 787 2
236 790 5
236 794 5
236 821 3
236 845 5
236 895 5
236 974 5
237 5 5
237 11 5
237 12 5
237 14 5
237 28 5
237 30 4
237 42 5
237 47 5
237 51 4
237 56 5
237 58 5
237 65 5
237 69 5
237 70 5
237 77 5
237 79 5
237 82 5
237 83 5
237 86 5
237 87 5
237 88 5
237 89 5
237 90 4
237 91 5
237 95 5
237 97 5
237 98 5
237 99 5
237 111 5
237 116 5
237 118 5
237 124 5
237 131 4
237 132 5
237 133 5
237 134 5
237 137 5
237 143 5
237 144 5
237 145 3
237 151 5
237 154 5
237 155 4
237 161 5
237 162 5
237 165 5
237 166 4
237 168 5
237 173 5
237 174 5
237 176 5
237 179 5
237 181 5
237 183 5
237 185 5
237 186 5
237 190 5
237 191 5
237 195 5
237 197 5
237 204 5
237 207 4
237 208 5
237 211 5
237 212 4
237 213 5
237 214 5
237 216 5
237 217 5
237 218 5
237 219 4
237 229 5
237 234 5
237 237 5
237 238 5
237 239 5
237 244 5
237 253 5
237 254 5
237 265 5
237 275 5
237 276 5
237 281 5
237 283 5
237 286 5
237 287 5
237 288 5
237 292 5
237 301 5
237 318 5
237 378 5
237 381 5
237 387 4
237 393 5
237 402 5
237 404 4
237 412 5
237 415 5
237 418 5
237 419 5
237 421 5
237 423 5
237 428 5
237 432 5
237 433 5
237 435 5
237 436 5
237 447 5
237 450 5
237 451 5
237 463 5
237 466 5
237 473 5
237 478 5
237 480 5
237 482 5
237 483 5
237 484 5
237 485 5
237 496 5
237 497 5
237 499 4
237 501 5
237 507 5
237 512 4
237 514 5
237 517 5
237 518 5
237 521 5
237 523 5
237 559 4
237 566 5
237 581 4
237 582 5
237 583 4
237 584 5
237 588 5
237 603 5
237 607 3
237 614 4
237 629 5
237 640 4
237 642 4
237 651 5
237 652 5
237 654 5
237 655 5
237 657 5
237 658 5
237 660 5
237 663 5
237 665 5
237 672 5
237 674 4
237 683 5
237 684 5
237 692 5
237 696 5
237 697 5
237 698 5
237 699 5
237 702 3
237 705 5
237 708 4
237 709 5
237 710 4
237 727 5
237 730 4
237 732 5
237 736 5
237 737 4
237 739 5
237 746 5
237 747 5
237 748 5
237 753 5
237 755 5
237 770 5
237 778 5
237 781 5
237 794 5
237 812 1
237 842 2
237 843 5
237 946 5
237 955 5
237 969 4
238 1 5
238 9 5
238 21 4
238 50 5
238 100 5
238 118 5
238 121 5
238 181 5
238 220 4
238 237 5
238 245 5
238 269 5
238 280 4
238 321 5
238 471 5
238 476 4
238 815 4
238 845 5
239 7 5
239 13 5
239 93 5
239 100 5
239 121 5
239 125 5
239 147 5
239 237 5
239 240 5
239 242 5
239 257 5
239 273 5
239 276 5
239 282 5
239 285 5
239 288 5
239 293 5
239 300 5
239 301 5
239 405 5
239 475 5
240 70 5
240 86 5
240 198 5
240 242 5
240 243 5
240 271 5
240 272 5
240 283 5
240 300 5
240 310 5
240 312 5
240 319 5
240 323 5
240 328 5
240 329 5
240 340 5
240 350 4
240 512 5
240 515 5
240 582 5
240 690 5
240 750 5
240 886 5
240 904 5
240 921 5
240 937 5
240 971 5
240 988 5
241 1 4
241 9 3
241 15 4
241 25 4
241 121 4
241 288 4
241 313 5
241 342 4
241 405 3
241 751 4
242 7 5
242 11 5
242 12 5
242 17 4
242 22 5
242 26 3
242 27 4
242 31 5
242 33 4
242 38 5
242 39 4
242 41 4
242 42 5
242 44 5
242 53 3
242 54 4
242 55 5
242 56 5
242 62 4
242 64 5
242 68 3
242 79 5
242 82 5
242 100 5
242 117 5
242 129 5
242 144 5
242 150 5
242 154 5
242 156 5
242 159 4
242 161 5
242 168 5
242 174 5
242 176 5
242 177 5
242 182 5
242 184 5
242 186 5
242 195 5
242 203 5
242 204 5
242 209 5
242 210 5
242 217 4
242 219 3
242 226 5
242 228 5
242 229 4
242 230 5
242 231 3
242 234 5
242 240 5
242 273 5
242 276 5
242 281 5
242 286 5
242 288 5
242 294 5
242 318 5
242 342 5
242 350 5
242 367 4
242 385 5
242 401 4
242 403 5
242 410 4
242 436 5
242 449 4
242 452 4
242 482 5
242 508 5
242 546 5
242 550 5
242 554 4
242 559 4
242 569 4
242 572 4
242 578 4
242 591 5
242 628 5
242 635 4
242 636 4
242 665 4
242 672 3
242 684 5
242 685 5
242 695 5
242 710 4
242 746 5
242 769 4
242 780 4
242 800 4
242 810 4
242 834 3
242 873 4
242 943 5
242 975 4
242 979 5
242 988 5
243 258 5
243 271 5
243 286 5
243 309 5
243 313 5
243 323 5
243 340 5
243 358 5
243 678 5
243 687 5
244 9 5
244 50 5
244 100 5
244 245 5
244 258 5
244 271 5
244 300 5
244 313 5
244 515 5
244 678 5
244 748 5
244 916 5
245 7 3
245 9 3
245 12 3
245 28 3
245 50 3
245 55 3
245 64 3
245 79 3
245 87 3
245 117 3
245 118 3
245 121 3
245 123 2
245 127 3
245 144 3
245 147 3
245 150 2
245 174 3
245 181 3
245 195 3
245 203 3
245 204 3
245 208 4
245 209 3
245 221 2
245 235 2
245 245 3
245 246 2
245 248 2
245 268 3
245 273 3
245 276 2
245 291 3
245 295 2
245 302 3
245 310 3
245 313 3
245 324 3
245 325 3
245 330 1
245 333 3
245 340 3
245 346 3
245 405 3
245 408 4
245 460 1
245 475 2
245 479 3
245 480 3
245 504 3
245 544 1
245 591 3
245 595 3
245 597 3
245 603 3
245 628 2
245 644 2
245 689 1
245 742 3
245 744 3
245 748 3
245 752 3
245 762 2
245 763 2
245 818 1
245 823 2
245 829 3
245 831 2
245 840 4
245 844 4
245 845 2
245 871 2
245 881 4
245 886 5
245 895 2
245 908 2
245 919 4
245 959 3
245 979 3
246 268 5
246 269 5
246 270 5
246 286 5
246 288 5
246 292 4
246 294 5
246 302 5
246 303 5
246 306 4
246 311 4
246 326 5
246 328 5
246 332 5
246 688 2
246 748 5
246 754 5
246 880 5
246 883 4
246 887 5
246 888 5
247 1 5
247 5 5
247 7 5
247 9 5
247 17 5
247 27 5
247 28 5
247 31 5
247 55 5
247 56 5
247 65 5
247 68 5
247 69 5
247 70 5
247 85 4
247 89 5
247 96 5
247 98 5
247 100 5
247 111 5
247 117 5
247 123 5
247 135 5
247 144 5
247 147 5
247 148 5
247 150 5
247 151 5
247 153 5
247 156 5
247 157 5
247 158 5
247 174 5
247 176 5
247 180 5
247 183 5
247 204 5
247 206 5
247 209 5
247 218 5
247 222 5
247 227 5
247 231 4
247 233 5
247 234 5
247 248 5
247 252 5
247 258 5
247 260 5
247 281 5
247 284 5
247 286 5
247 288 5
247 290 5
247 293 5
247 298 5
247 300 5
247 367 5
247 405 5
247 410 5
247 435 5
247 447 5
247 470 5
247 483 5
247 484 5
247 498 5
247 544 5
247 546 5
247 559 4
247 582 5
247 591 5
247 597 5
247 629 5
247 642 5
247 678 5
247 742 5
247 748 5
247 760 5
247 815 5
247 823 5
247 845 5
247 866 5
247 879 5
247 926 5
247 963 5
247 981 5
248 262 4
248 268 5
248 269 5
248 271 5
248 292 5
248 301 5
248 303 5
248 304 5
248 305 4
248 307 5
248 316 5
248 321 5
248 327 5
248 333 5
248 338 4
248 344 4
248 345 5
248 360 3
248 750 5
248 884 2
248 887 5
248 902 3
249 9 5
249 15 5
249 59 5
249 60 5
249 61 5
249 100 5
249 105 3
249 117 5
249 118 4
249 122 3
249 127 5
249 137 5
249 170 5
249 171 5
249 179 5
249 212 5
249 244 4
249 248 4
249 251 4
249 273 5
249 276 5
249 282 5
249 285 5
249 286 5
249 288 5
249 293 4
249 310 5
249 337 4
249 381 5
249 410 4
249 459 4
249 546 4
249 558 5
249 702 4
249 742 5
249 753 4
249 763 4
249 936 5
249 971 4
249 983 3
250 1 5
250 2 5
250 3 5
250 4 5
250 7 5
250 10 5
250 12 5
250 13 5
250 15 5
250 26 5
250 28 5
250 29 5
250 35 5
250 38 5
250 39 5
250 49 5
250 51 5
250 54 5
250 56 5
250 58 5
250 60 5
250 64 5
250 65 5
250 66 5
250 67 5
250 70 5
250 71 5
250 73 5
250 77 5
250 79 5
250 80 5
250 81 5
250 82 5
250 83 5
250 86 5
250 87 5
250 88 5
250 89 5
250 92 5
250 94 5
250 95 5
250 97 5
250 98 5
250 99 5
250 100 5
250 101 5
250 110 5
250 112 5
250 114 5
250 117 5
250 121 5
250 123 5
250 125 5
250 126 5
250 127 5
250 131 5
250 132 5
250 133 5
250 134 5
250 135 5
250 136 5
250 139 5
250 141 5
250 142 4
250 143 5
250 144 5
250 145 5
250 152 5
250 153 5
250 154 5
250 155 5
250 157 5
250 158 4
250 161 5
250 162 5
250 163 5
250 164 5
250 166 5
250 167 5
250 168 5
250 169 5
250 173 5
250 174 5
250 176 5
250 177 5
250 179 5
250 180 5
250 182 5
250 183 5
250 185 5
250 187 5
250 191 5
250 192 5
250 193 5
250 194 5
250 195 5
250 196 5
250 197 5
250 199 5
250 200 5
250 202 5
250 203 5
250 204 5
250 205 5
250 207 5
250 208 5
250 210 5
250 211 5
250 215 5
250 216 5
250 218 5
250 222 5
250 223 5
250 225 5
250 226 5
250 227 5
250 229 5
250 231 5
250 233 5
250 237 5
250 238 5
250 239 5
250 241 5
250 245 5
250 252 5
250 254 5
250 258 5
250 264 5
250 265 5
250 269 5
250 270 5
250 272 5
250 274 5
250 275 5
250 277 5
250 278 5
250 280 5
250 281 5
250 282 5
250 283 5
250 287 5
250 288 5
250 290 5
250 292 5
250 294 5
250 299 5
250 300 5
250 301 5
250 302 5
250 304 5
250 305 5
250 310 5
250 311 5
250 312 5
250 313 5
250 315 5
250 316 5
250 328 5
250 332 5
250 340 5
250 354 5
250 357 5
250 367 5
250 371 5
250 373 5
250 378 5
250 380 5
250 381 5
250 382 5
250 383 3
250 384 4
250 385 5
250 387 5
250 393 5
250 395 3
250 396 5
250 400 4
250 401 4
250 414 5
250 416 5
250 417 4
250 418 5
250 419 5
250 421 5
250 422 5
250 427 5
250 428 5
250 430 5
250 431 5
250 432 5
250 433 5
250 434 5
250 435 5
250 443 5
250 448 5
250 455 5
250 462 5
250 465 5
250 467 5
250 468 5
250 469 5
250 470 5
250 471 5
250 472 5
250 474 5
250 476 5
250 477 5
250 478 5
250 479 5
250 480 5
250 481 5
250 482 5
250 483 5
250 484 5
250 487 5
250 488 5
250 490 5
250 491 5
250 493 5
250 494 5
250 495 5
250 496 5
250 497 5
250 499 5
250 500 5
250 502 5
250 503 5
250 505 5
250 506 5
250 507 5
250 509 5
250 510 5
250 511 5
250 514 5
250 518 5
250 520 5
250 523 5
250 525 5
250 526 5
250 527 5
250 528 5
250 530 5
250 535 5
250 549 5
250 550 5
250 553 5
250 557 5
250 558 5
250 559 5
250 561 4
250 566 5
250 568 5
250 570 5
250 582 5
250 583 5
250 589 5
250 591 5
250 602 5
250 604 5
250 606 5
250 607 5
250 608 5
250 609 5
250 610 4
250 611 5
250 612 5
250 613 5
250 614 5
250 618 5
250 620 5
250 622 4
250 629 5
250 630 4
250 631 5
250 632 5
250 633 5
250 637 5
250 642 5
250 647 5
250 648 5
250 650 5
250 651 5
250 655 5
250 657 5
250 659 5
250 660 5
250 661 5
250 663 5
250 673 5
250 679 5
250 685 5
250 686 5
250 689 5
250 692 5
250 693 5
250 700 3
250 704 5
250 707 5
250 708 5
250 709 5
250 710 5
250 712 5
250 714 5
250 715 5
250 716 5
250 717 5
250 723 5
250 727 5
250 728 4
250 729 5
250 731 5
250 735 5
250 736 5
250 739 5
250 742 5
250 747 5
250 748 5
250 751 5
250 761 5
250 762 5
250 765 5
250 771 5
250 774 5
250 775 4
250 778 5
250 783 5
250 785 5
250 790 5
250 792 5
250 794 5
250 801 3
250 807 2
250 815 5
250 821 4
250 823 5
250 832 5
250 837 5
250 842 4
250 845 5
250 846 5
250 847 5
250 865 5
250 869 5
250 873 4
250 878 5
250 900 5
250 902 5
250 904 5
250 905 5
250 908 3
250 921 5
250 923 5
250 926 5
250 928 5
250 934 5
250 936 5
250 939 5
250 940 4
250 942 5
250 956 5
250 965 5
250 966 5
250 967 4
250 969 5
251 242 5
251 243 4
251 259 4
251 260 4
251 263 3
251 264 4
251 268 5
251 269 5
251 270 5
251 286 5
251 288 5
251 292 4
251 294 5
251 299 4
251 300 5
251 301 5
251 303 4
251 307 5
251 308 5
251 322 4
251 323 4
251 325 4
251 327 4
251 328 5
251 329 5
251 330 3
251 331 4
251 332 4
251 333 5
251 336 4
251 337 3
251 359 1
251 360 2
251 457 2
251 680 4
251 681 3
251 683 4
251 687 3
251 688 2
251 690 4
251 749 5
251 872 2
251 874 3
251 875 3
251 877 3
251 879 5
251 880 4
251 881 3
251 882 3
251 883 2
251 884 2
251 937 4
251 938 2
251 984 3
251 989 3
251 991 2
251 995 4
252 7 5
252 8 5
252 14 5
252 22 5
252 25 5
252 27 5
252 45 5
252 48 5
252 52 5
252 58 5
252 60 5
252 61 5
252 62 5
252 64 5
252 66 5
252 69 5
252 70 5
252 79 5
252 86 5
252 88 5
252 89 5
252 96 5
252 97 5
252 99 5
252 111 5
252 121 5
252 124 5
252 127 5
252 132 5
252 134 5
252 135 5
252 136 5
252 143 5
252 152 5
252 154 5
252 156 5
252 161 5
252 162 5
252 163 5
252 170 5
252 173 5
252 174 5
252 180 5
252 181 5
252 183 5
252 185 5
252 186 5
252 187 5
252 188 5
252 191 5
252 194 5
252 195 5
252 197 5
252 201 5
252 202 5
252 203 5
252 204 5
252 207 5
252 211 5
252 212 5
252 216 5
252 234 5
252 237 5
252 243 5
252 245 5
252 259 5
252 269 5
252 276 5
252 286 5
252 294 5
252 318 5
252 371 4
252 384 5
252 404 5
252 418 4
252 419 5
252 420 4
252 423 5
252 427 5
252 430 5
252 435 5
252 443 5
252 455 5
252 458 5
252 461 4
252 462 5
252 465 4
252 467 5
252 472 5
252 479 5
252 482 5
252 483 5
252 485 5
252 488 5
252 490 5
252 491 4
252 494 4
252 495 4
252 496 5
252 498 5
252 502 5
252 506 5
252 509 5
252 510 5
252 513 5
252 517 5
252 518 5
252 521 5
252 523 5
252 526 5
252 530 5
252 531 5
252 554 4
252 576 4
252 588 5
252 597 5
252 603 5
252 609 5
252 614 5
252 615 5
252 624 3
252 631 5
252 636 5
252 641 5
252 648 5
252 654 5
252 659 5
252 660 5
252 684 5
252 729 5
252 736 5
252 780 5
252 781 5
252 792 5
252 805 5
252 815 5
252 856 3
252 863 5
252 874 5
252 924 5
252 947 5
252 969 4
252 971 4
253 3 5
253 4 5
253 7 5
253 9 5
253 11 5
253 12 5
253 17 5
253 22 5
253 24 5
253 33 5
253 42 5
253 48 5
253 49 5
253 50 5
253 53 4
253 59 5
253 68 5
253 69 5
253 73 5
253 77 5
253 79 5
253 80 4
253 93 5
253 94 5
253 97 5
253 98 5
253 100 5
253 117 5
253 122 3
253 125 5
253 132 5
253 143 5
253 154 5
253 156 5
253 157 5
253 158 5
253 164 5
253 168 5
253 172 5
253 174 5
253 181 5
253 184 5
253 186 5
253 188 5
253 196 5
253 204 5
253 210 5
253 214 5
253 223 5
253 231 4
253 233 5
253 234 5
253 238 5
253 239 5
253 246 5
253 248 5
253 258 5
253 268 5
253 276 5
253 288 5
253 298 5
253 318 5
253 354 5
253 356 5
253 357 5
253 364 4
253 367 5
253 369 4
253 385 5
253 393 5
253 401 4
253 402 5
253 410 5
253 412 4
253 416 5
253 421 5
253 423 5
253 424 4
253 427 5
253 456 3
253 471 5
253 475 5
253 476 4
253 496 5
253 515 5
253 550 5
253 552 5
253 566 5
253 568 5
253 578 5
253 586 4
253 591 5
253 651 5
253 655 5
253 684 5
253 693 5
253 697 5
253 717 5
253 721 4
253 742 5
253 871 5
253 959 4
253 963 5
253 975 5
254 1 5
254 11 5
254 12 5
254 15 5
254 22 5
254 28 5
254 50 5
254 51 5
254 55 5
254 56 5
254 58 5
254 66 5
254 69 5
254 70 5
254 73 5
254 76 5
254 77 5
254 79 5
254 82 5
254 87 5
254 88 5
254 89 5
254 96 5
254 97 5
254 98 5
254 99 5
254 100 5
254 107 5
254 114 5
254 117 5
254 118 5
254 121 5
254 124 5
254 131 4
254 136 5
254 143 5
254 144 5
254 153 5
254 161 5
254 162 5
254 164 5
254 169 5
254 172 5
254 173 5
254 174 5
254 181 5
254 182 5
254 185 5
254 191 5
254 193 5
254 194 5
254 195 5
254 196 5
254 197 5
254 199 5
254 202 5
254 203 5
254 204 5
254 210 5
254 211 5
254 215 5
254 222 5
254 228 5
254 234 5
254 237 5
254 250 5
254 255 5
254 257 5
254 258 5
254 259 5
254 260 5
254 270 5
254 272 5
254 277 5
254 279 5
254 286 5
254 289 5
254 293 5
254 300 5
254 310 5
254 315 5
254 316 5
254 317 5
254 318 5
254 322 5
254 323 5
254 326 5
254 356 5
254 357 5
254 378 5
254 385 5
254 392 5
254 404 5
254 414 5
254 418 5
254 419 5
254 423 5
254 427 5
254 431 5
254 434 5
254 435 5
254 451 5
254 454 4
254 465 4
254 468 5
254 474 5
254 478 5
254 479 5
254 482 5
254 483 5
254 484 5
254 485 5
254 487 5
254 490 5
254 492 5
254 493 5
254 496 5
254 497 4
254 507 5
254 509 5
254 519 5
254 520 5
254 526 5
254 528 5
254 531 5
254 566 5
254 568 5
254 603 5
254 605 4
254 607 4
254 610 4
254 612 5
254 614 5
254 627 5
254 631 5
254 633 5
254 642 5
254 649 5
254 651 5
254 654 5
254 655 5
254 657 5
254 659 5
254 660 5
254 661 5
254 678 5
254 685 5
254 686 5
254 692 5
254 693 5
254 694 5
254 705 5
254 707 5
254 735 5
254 736 5
254 740 5
254 742 5
254 746 5
254 836 4
254 837 5
254 842 5
254 873 5
254 875 5
254 879 5
254 939 5
254 945 5
254 956 5
254 961 5
254 968 5
255 1 5
255 2 4
255 4 5
255 7 5
255 8 5
255 9 5
255 12 5
255 14 5
255 17 5
255 20 5
255 24 5
255 25 5
255 31 5
255 39 5
255 42 5
255 44 5
255 47 5
255 53 5
255 56 5
255 57 5
255 58 5
255 64 5
255 65 5
255 69 5
255 70 5
255 71 5
255 87 5
255 89 5
255 95 5
255 96 5
255 97 5
255 98 5
255 100 5
255 118 5
255 123 5
255 125 5
255 126 5
255 127 5
255 135 5
255 148 5
255 161 5
255 170 5
255 173 5
255 174 5
255 176 5
255 191 5
255 196 5
255 197 5
255 204 5
255 214 5
255 217 5
255 222 5
255 223 5
255 228 5
255 234 5
255 237 5
255 245 5
255 252 5
255 255 5
255 257 5
255 265 5
255 270 5
255 275 5
255 276 5
255 277 5
255 279 5
255 281 5
255 282 5
255 289 5
255 291 5
255 292 5
255 293 5
255 298 5
255 300 5
255 304 5
255 307 5
255 313 5
255 317 5
255 318 5
255 321 5
255 323 5
255 334 5
255 343 5
255 380 5
255 382 5
255 393 5
255 402 5
255 405 5
255 428 5
255 447 5
255 455 5
255 462 5
255 465 4
255 471 5
255 475 5
255 504 5
255 508 5
255 511 5
255 515 5
255 518 5
255 529 5
255 531 5
255 549 5
255 582 5
255 584 5
255 591 5
255 597 5
255 627 5
255 628 5
255 629 5
255 647 5
255 660 5
255 678 5
255 692 5
255 694 5
255 709 5
255 724 5
255 727 5
255 738 5
255 747 5
255 755 5
255 778 5
255 898 5
255 934 5
255 939 5
256 1 5
256 3 4
256 4 4
256 12 5
256 13 5
256 22 5
256 23 5
256 32 5
256 42 5
256 46 4
256 50 5
256 53 2
256 54 3
256 57 5
256 60 4
256 61 4
256 68 3
256 69 4
256 79 5
256 80 3
256 86 4
256 91 3
256 92 3
256 95 3
256 97 4
256 99 4
256 100 5
256 101 3
256 111 5
256 125 4
256 127 5
256 133 4
256 135 5
256 143 4
256 161 4
256 168 4
256 170 4
256 172 5
256 174 5
256 175 5
256 177 5
256 179 4
256 180 4
256 181 5
256 182 5
256 185 5
256 186 4
256 187 5
256 188 4
256 194 5
256 196 4
256 197 5
256 202 4
256 208 4
256 210 5
256 211 5
256 216 4
256 218 4
256 222 5
256 226 3
256 228 4
256 231 3
256 232 3
256 234 4
256 238 5
256 268 5
256 273 5
256 274 4
256 282 5
256 286 5
256 294 4
256 325 5
256 346 5
256 357 5
256 366 3
256 369 2
256 380 4
256 403 4
256 410 4
256 414 5
256 419 3
256 421 4
256 423 4
256 427 5
256 431 4
256 432 4
256 433 4
256 443 4
256 447 4
256 448 2
256 449 4
256 452 3
256 460 4
256 461 4
256 462 4
256 474 5
256 475 5
256 479 5
256 484 5
256 490 5
256 498 4
256 505 3
256 506 3
256 508 4
256 523 5
256 546 4
256 559 2
256 568 4
256 578 3
256 581 3
256 582 4
256 603 5
256 608 3
256 640 4
256 655 4
256 658 3
256 660 4
256 662 4
256 672 2
256 673 4
256 693 4
256 696 5
256 708 3
256 710 4
256 715 3
256 720 3
256 721 4
256 737 3
256 743 3
256 763 4
256 789 4
256 806 4
256 818 1
256 845 4
256 864 3
256 919 4
256 922 4
256 933 3
256 943 5
256 955 4
256 959 3
256 963 4
256 979 4
256 985 4
257 4 5
257 7 5
257 8 5
257 9 5
257 11 5
257 12 5
257 14 5
257 15 5
257 20 5
257 22 5
257 27 5
257 31 5
257 38 5
257 44 5
257 45 5
257 48 5
257 50 5
257 51 5
257 52 5
257 53 5
257 54 5
257 56 5
257 57 5
257 58 5
257 59 5
257 62 5
257 64 5
257 65 5
257 66 5
257 70 5
257 77 5
257 79 5
257 82 5
257 86 5
257 89 5
257 91 5
257 94 5
257 96 5
257 97 5
257 100 5
257 105 5
257 111 5
257 114 5
257 117 5
257 118 5
257 122 5
257 127 5
257 134 5
257 137 5
257 143 5
257 144 5
257 148 5
257 151 5
257 155 5
257 156 5
257 157 5
257 161 5
257 162 5
257 164 5
257 168 5
257 172 5
257 173 5
257 174 5
257 176 5
257 180 5
257 181 5
257 182 5
257 183 5
257 185 5
257 186 5
257 190 5
257 191 5
257 192 5
257 193 5
257 194 5
257 196 5
257 197 5
257 200 5
257 203 5
257 204 5
257 209 5
257 214 5
257 215 5
257 216 5
257 218 5
257 219 4
257 223 5
257 226 5
257 228 5
257 229 5
257 230 5
257 231 5
257 232 4
257 234 5
257 235 5
257 237 5
257 239 5
257 240 5
257 241 5
257 243 5
257 248 5
257 257 5
257 258 5
257 265 5
257 282 5
257 285 5
257 288 5
257 304 5
257 318 5
257 357 5
257 370 5
257 372 5
257 373 5
257 378 5
257 380 5
257 385 5
257 393 5
257 395 5
257 401 5
257 402 5
257 403 5
257 405 5
257 410 5
257 411 5
257 412 5
257 417 4
257 425 5
257 428 5
257 436 5
257 443 5
257 448 4
257 450 5
257 452 5
257 453 4
257 455 5
257 456 5
257 458 5
257 462 5
257 469 5
257 470 5
257 471 5
257 472 5
257 473 5
257 474 5
257 476 5
257 483 5
257 500 5
257 507 5
257 509 5
257 527 5
257 529 5
257 531 5
257 540 5
257 546 5
257 549 5
257 553 5
257 554 4
257 559 5
257 566 5
257 568 5
257 582 5
257 584 5
257 588 5
257 597 5
257 623 5
257 628 5
257 629 4
257 631 5
257 632 5
257 636 5
257 640 5
257 651 5
257 655 5
257 658 5
257 664 5
257 673 5
257 679 5
257 692 5
257 699 5
257 704 3
257 708 5
257 709 5
257 717 5
257 720 5
257 722 5
257 727 5
257 729 5
257 732 5
257 739 5
257 742 5
257 744 5
257 747 5
257 755 5
257 758 4
257 769 5
257 770 5
257 775 4
257 783 4
257 792 5
257 819 5
257 825 5
257 841 5
257 845 5
257 871 5
257 931 4
257 934 5
257 948 5
257 949 5
257 959 4
257 980 5
258 8 5
258 9 5
258 12 5
258 14 5
258 20 4
258 23 5
258 25 5
258 28 5
258 32 5
258 48 5
258 50 5
258 57 5
258 58 4
258 86 5
258 96 5
258 98 5
258 117 5
258 121 4
258 124 5
258 126 5
258 127 5
258 129 5
258 134 5
258 143 5
258 144 4
258 147 4
258 152 3
258 169 5
258 174 5
258 178 5
258 179 5
258 180 5
258 182 5
258 183 5
258 187 5
258 189 5
258 190 5
258 191 5
258 192 5
258 193 5
258 195 5
258 203 5
258 208 5
258 209 5
258 234 5
258 237 5
258 238 5
258 245 5
258 250 4
258 255 4
258 273 5
258 278 3
258 282 4
258 284 4
258 285 5
258 286 5
258 287 4
258 288 5
258 289 5
258 293 4
258 298 4
258 301 5
258 304 5
258 307 5
258 317 4
258 318 5
258 319 5
258 321 5
258 333 5
258 346 5
258 357 5
258 387 4
258 405 4
258 408 5
258 410 4
258 423 5
258 425 5
258 427 5
258 430 5
258 461 5
258 467 5
258 469 5
258 473 4
258 474 5
258 496 5
258 509 5
258 514 5
258 517 4
258 521 5
258 526 5
258 529 4
258 530 4
258 546 4
258 582 5
258 588 5
258 589 4
258 591 5
258 596 4
258 603 5
258 632 4
258 644 5
258 648 5
258 651 5
258 654 5
258 663 5
258 685 4
258 694 4
258 696 4
258 704 3
258 709 4
258 717 4
258 736 5
258 742 5
258 744 5
258 750 5
258 753 5
258 792 4
258 844 4
258 847 4
258 896 5
258 925 5
258 939 5
258 952 4
258 956 4
258 980 3
259 1 5
259 3 4
259 7 5
259 8 5
259 15 5
259 16 4
259 19 5
259 22 5
259 25 5
259 79 5
259 100 5
259 108 5
259 111 5
259 117 5
259 120 3
259 121 5
259 123 4
259 147 5
259 148 4
259 164 4
259 172 5
259 174 5
259 181 5
259 194 5
259 216 5
259 220 4
259 222 5
259 225 4
259 230 4
259 245 4
259 249 4
259 250 4
259 255 4
259 258 5
259 260 3
259 264 4
259 274 5
259 278 3
259 282 5
259 286 5
259 289 4
259 291 4
259 295 3
259 300 5
259 301 5
259 322 4
259 323 4
259 328 5
259 332 4
259 333 5
259 357 5
259 358 4
259 411 4
259 472 4
259 473 4
259 523 5
259 568 5
259 596 4
259 597 4
259 651 5
259 676 4
259 678 4
259 685 4
259 687 3
259 742 5
259 748 4
259 815 4
259 825 3
259 827 3
259 846 3
259 864 3
259 866 4
259 873 3
259 879 5
259 934 4
259 969 4
259 978 3
259 989 4
259 993 4
260 1 5
260 7 5
260 10 5
260 14 5
260 20 5
260 117 5
260 127 5
260 129 5
260 146 3
260 149 5
260 224 5
260 242 5
260 250 5
260 253 5
260 257 5
260 258 5
260 273 5
260 275 5
260 276 5
260 279 5
260 285 5
260 286 5
260 289 5
260 293 5
260 294 5
260 297 5
260 301 5
260 303 5
260 307 5
260 311 5
260 322 5
260 458 5
260 515 5
260 532 5
260 591 5
260 676 5
260 713 5
260 744 5
260 847 5
261 9 5
261 50 5
261 121 5
261 242 5
261 255 5
261 285 5
261 302 5
261 304 5
261 313 5
261 319 5
261 321 5
262 11 5
262 100 5
262 237 5
262 259 5
262 271 5
262 272 5
262 288 5
262 289 5
262 292 5
262 300 5
262 310 5
262 313 5
262 315 5
262 323 5
262 330 5
262 332 5
262 678 5
262 866 5
262 895 5
263 3 4
263 7 5
263 13 5
263 14 5
263 15 5
263 20 3
263 21 3
263 24 4
263 50 5
263 93 5
263 100 5
263 103 2
263 107 5
263 112 2
263 116 5
263 117 5
263 121 5
263 124 5
263 126 5
263 137 5
263 147 5
263 149 2
263 150 5
263 151 5
263 221 4
263 224 5
263 225 4
263 235 4
263 242 5
263 243 4
263 244 4
263 249 4
263 250 5
263 253 5
263 257 5
263 258 5
263 268 5
263 270 5
263 274 5
263 283 5
263 284 4
263 285 5
263 288 5
263 301 5
263 304 5
263 306 5
263 310 5
263 311 4
263 319 5
263 347 5
263 362 5
263 410 4
263 455 4
263 472 4
263 473 4
263 475 5
263 477 5
263 508 5
263 544 4
263 593 5
263 597 4
263 689 5
263 741 5
263 744 5
263 751 5
263 813 5
263 819 2
263 845 5
263 864 4
263 870 2
263 880 5
263 887 5
263 926 3
263 930 4
263 950 3
263 952 5
263 988 5
263 993 5
264 16 5
264 116 5
264 176 5
264 181 5
264 248 5
264 258 5
264 260 5
264 264 5
264 269 5
264 286 5
264 289 5
264 294 5
264 298 5
264 300 5
264 302 5
264 321 5
264 322 5
264 326 5
264 328 5
264 333 5
264 482 5
264 603 5
264 678 5
264 705 5
264 709 5
264 879 5
264 984 4
265 1 5
265 7 5
265 8 5
265 12 5
265 22 5
265 32 5
265 50 5
265 56 5
265 64 5
265 87 5
265 97 4
265 100 5
265 114 5
265 132 5
265 134 4
265 136 4
265 143 4
265 154 5
265 169 5
265 172 5
265 174 5
265 175 5
265 179 4
265 180 5
265 181 5
265 190 5
265 191 5
265 194 5
265 198 4
265 199 5
265 202 4
265 216 4
265 257 5
265 258 5
265 283 5
265 286 5
265 300 5
265 318 5
265 319 5
265 395 3
265 404 3
265 428 5
265 474 5
265 475 5
265 477 5
265 478 5
265 481 4
265 496 5
265 511 5
265 525 5
265 529 4
265 584 4
265 588 4
265 603 5
265 615 4
265 638 3
265 651 5
265 855 4
266 2 5
266 11 5
266 22 5
266 24 5
266 27 5
266 50 5
266 55 5
266 56 5
266 62 5
266 68 5
266 79 5
266 82 5
266 87 5
266 89 5
266 95 5
266 96 5
266 98 5
266 117 5
266 127 5
266 144 5
266 172 5
266 174 5
266 176 5
266 182 5
266 183 5
266 184 5
266 187 5
266 188 5
266 210 5
266 231 5
266 232 5
266 258 5
266 265 5
266 268 5
266 269 5
266 273 5
266 288 5
266 292 5
266 294 5
266 302 5
266 306 5
266 308 5
266 313 5
266 315 5
266 321 5
266 324 5
266 326 5
266 327 5
266 328 5
266 331 5
266 333 5
266 334 5
266 344 5
266 346 5
266 349 5
266 350 5
266 354 5
266 385 5
266 405 5
266 455 5
266 518 5
266 546 5
266 550 5
266 566 5
266 568 5
266 651 5
266 682 5
266 748 5
266 873 5
266 882 5
266 885 5
266 898 5
266 908 4
267 1 5
267 10 5
267 24 5
267 50 5
267 93 5
267 108 5
267 109 5
267 117 5
267 124 5
267 150 5
267 240 5
267 246 5
267 248 5
267 249 5
267 257 5
267 264 4
267 268 5
267 273 5
267 288 5
267 298 5
267 340 5
267 455 5
267 475 5
267 742 5
267 762 5
267 919 5
268 1 5
268 4 5
268 7 5
268 8 5
268 12 5
268 13 5
268 15 5
268 19 5
268 22 5
268 23 5
268 25 5
268 31 5
268 39 5
268 42 5
268 47 5
268 51 5
268 56 5
268 58 5
268 69 5
268 70 5
268 71 5
268 95 5
268 96 5
268 97 5
268 98 5
268 100 5
268 111 5
268 116 5
268 118 5
268 121 5
268 126 5
268 132 5
268 137 5
268 144 5
268 150 5
268 153 5
268 159 5
268 160 5
268 170 5
268 172 5
268 173 5
268 178 5
268 180 5
268 181 5
268 182 5
268 191 5
268 195 5
268 200 5
268 209 5
268 214 5
268 216 5
268 222 5
268 238 5
268 249 5
268 251 5
268 257 5
268 258 5
268 273 5
268 275 5
268 283 5
268 285 5
268 294 5
268 297 5
268 318 5
268 321 5
268 357 5
268 367 5
268 372 5
268 377 4
268 405 5
268 411 5
268 423 5
268 427 5
268 428 5
268 435 5
268 461 5
268 462 5
268 469 5
268 471 5
268 475 5
268 498 5
268 507 5
268 529 5
268 544 5
268 582 5
268 603 5
268 612 5
268 642 5
268 655 5
268 692 5
268 699 5
268 724 5
268 742 5
268 826 5
268 856 5
268 926 5
268 952 5
269 10 5
269 64 5
269 65 5
269 127 5
269 134 5
269 136 5
269 153 5
269 173 5
269 194 5
269 286 5
269 306 5
269 474 5
269 483 5
269 484 5
269 490 5
269 495 5
269 499 5
269 507 5
269 511 5
269 513 5
269 520 5
269 582 5
269 605 5
269 610 4
269 611 4
269 641 5
269 654 5
269 705 5
269 855 5
270 9 3
270 13 4
270 19 4
270 50 3
270 93 3
270 100 3
270 118 2
270 125 3
270 137 3
270 150 3
270 221 3
270 235 4
270 246 3
270 248 3
270 257 4
270 258 2
270 276 3
270 283 4
270 284 3
270 285 4
270 286 2
270 288 3
270 293 4
270 294 2
270 295 3
270 360 3
270 458 3
270 471 2
270 475 4
270 508 3
270 544 1
270 546 3
270 813 5
270 847 4
270 919 2
270 950 3
270 952 2
271 1 5
271 50 5
271 99 5
271 102 4
271 140 4
271 151 5
271 225 5
271 404 5
271 422 4
271 465 4
271 477 5
271 588 5
271 596 5
271 768 4
271 878 5
271 932 5
271 969 5
272 1 5
272 2 5
272 3 5
272 4 5
272 7 5
272 11 5
272 12 5
272 21 5
272 24 5
272 27 5
272 28 5
272 29 5
272 33 5
272 38 5
272 41 5
272 43 5
272 49 5
272 51 5
272 56 5
272 63 5
272 64 5
272 66 5
272 68 5
272 69 5
272 71 5
272 72 5
272 73 5
272 78 5
272 79 5
272 80 5
272 82 5
272 88 5
272 90 5
272 94 5
272 97 5
272 99 5
272 101 5
272 109 5
272 117 5
272 118 5
272 120 5
272 122 5
272 123 5
272 132 5
272 135 5
272 141 5
272 151 5
272 161 5
272 168 5
272 172 5
272 173 5
272 174 5
272 175 5
272 177 5
272 181 5
272 183 5
272 185 5
272 186 5
272 193 5
272 195 5
272 196 5
272 204 5
272 210 5
272 215 5
272 217 5
272 218 5
272 226 5
272 228 5
272 229 5
272 232 5
272 233 5
272 234 5
272 239 5
272 240 5
272 250 5
272 254 5
272 255 5
272 258 5
272 260 5
272 271 5
272 288 5
272 313 5
272 318 5
272 323 5
272 343 5
272 355 5
272 358 5
272 362 5
272 365 5
272 368 5
272 370 5
272 373 5
272 374 5
272 375 5
272 378 5
272 380 5
272 384 5
272 386 5
272 391 5
272 392 5
272 393 5
272 395 5
272 400 5
272 401 5
272 404 5
272 411 5
272 416 5
272 417 5
272 418 5
272 431 5
272 443 5
272 449 5
272 455 5
272 465 5
272 473 5
272 475 5
272 477 5
272 485 5
272 496 5
272 501 5
272 540 5
272 541 5
272 546 5
272 548 5
272 550 5
272 552 5
272 559 5
272 561 5
272 562 5
272 567 3
272 568 5
272 569 5
272 576 5
272 577 5
272 578 5
272 584 5
272 588 5
272 597 5
272 625 5
272 633 5
272 655 5
272 658 5
272 665 5
272 672 5
272 682 5
272 685 5
272 715 5
272 720 5
272 739 5
272 742 5
272 743 5
272 747 5
272 748 5
272 751 5
272 755 5
272 756 5
272 758 5
272 760 5
272 763 5
272 768 5
272 771 5
272 780 5
272 790 5
272 796 5
272 810 5
272 826 5
272 834 5
272 877 5
272 890 5
272 895 5
272 924 5
272 928 5
272 930 5
272 931 5
272 940 5
272 951 5
272 977 5
273 9 5
273 14 5
273 25 5
273 116 5
273 124 5
273 129 5
273 137 5
273 242 5
273 257 5
273 273 5
273 275 5
273 276 5
273 293 5
273 302 5
273 303 5
273 319 5
273 321 5
273 327 5
273 508 5
273 547 4
274 7 5
274 8 5
274 11 5
274 12 5
274 13 5
274 14 5
274 15 5
274 22 5
274 23 5
274 26 5
274 42 5
274 44 5
274 45 5
274 48 5
274 50 5
274 52 5
274 58 5
274 60 5
274 61 5
274 64 5
274 66 5
274 68 5
274 69 5
274 71 5
274 72 5
274 73 5
274 76 4
274 77 5
274 79 5
274 83 5
274 86 5
274 87 5
274 88 5
274 89 5
274 92 5
274 97 5
274 98 5
274 99 5
274 100 5
274 107 5
274 116 5
274 121 5
274 131 5
274 132 5
274 134 5
274 135 5
274 136 5
274 141 5
274 150 5
274 161 5
274 170 5
274 171 5
274 172 5
274 173 5
274 175 5
274 176 5
274 178 5
274 179 5
274 180 5
274 181 5
274 182 5
274 183 5
274 191 5
274 192 5
274 193 5
274 194 5
274 195 5
274 196 5
274 198 5
274 199 5
274 203 5
274 205 5
274 207 5
274 208 5
274 209 5
274 210 5
274 211 5
274 212 5
274 215 5
274 216 5
274 218 5
274 221 5
274 227 5
274 230 5
274 234 5
274 237 5
274 238 5
274 244 5
274 248 5
274 252 5
274 257 5
274 258 5
274 274 5
274 275 5
274 276 5
274 282 5
274 283 5
274 285 5
274 286 5
274 288 5
274 289 5
274 291 5
274 293 5
274 298 5
274 302 5
274 313 5
274 315 5
274 316 5
274 317 5
274 322 5
274 326 5
274 346 5
274 356 5
274 380 5
274 382 5
274 385 5
274 410 5
274 414 5
274 416 4
274 418 5
274 419 5
274 430 5
274 434 5
274 435 5
274 436 5
274 461 4
274 463 5
274 470 5
274 474 5
274 475 5
274 478 5
274 480 5
274 481 4
274 483 5
274 484 5
274 486 5
274 488 5
274 489 5
274 490 5
274 491 5
274 493 5
274 495 5
274 496 5
274 497 4
274 498 5
274 499 5
274 503 5
274 506 5
274 507 5
274 508 5
274 510 5
274 511 5
274 513 5
274 514 5
274 517 5
274 518 5
274 519 5
274 520 5
274 521 5
274 525 5
274 526 5
274 527 5
274 528 5
274 529 5
274 530 5
274 553 5
274 566 5
274 584 4
274 591 5
274 601 5
274 602 5
274 603 5
274 604 5
274 605 3
274 607 5
274 610 4
274 614 5
274 615 5
274 617 5
274 618 5
274 628 5
274 633 5
274 641 5
274 642 5
274 646 5
274 648 5
274 649 4
274 651 5
274 653 5
274 657 5
274 659 5
274 660 5
274 661 5
274 664 4
274 676 5
274 684 5
274 685 5
274 692 5
274 696 5
274 697 5
274 699 5
274 705 5
274 707 5
274 708 5
274 709 5
274 735 5
274 736 5
274 744 5
274 756 5
274 789 5
274 792 4
274 836 4
274 848 5
274 921 5
274 923 5
274 939 5
274 943 5
274 945 5
274 963 5
274 966 5
274 971 4
274 996 4
275 50 3
275 70 3
275 100 3
275 259 2
275 315 2
275 347 2
275 381 3
276 4 4
276 26 4
276 33 3
276 42 4
276 56 5
276 67 3
276 72 3
276 73 3
276 80 2
276 83 4
276 85 3
276 88 3
276 168 4
276 173 4
276 175 5
276 186 4
276 194 4
276 202 4
276 208 4
276 209 4
276 211 4
276 216 4
276 232 3
276 238 4
276 239 3
276 288 5
276 300 5
276 328 5
276 343 4
276 367 3
276 386 1
276 579 3
276 585 2
276 648 4
276 655 4
276 692 3
276 710 3
276 712 3
276 715 3
276 734 1
276 738 3
276 748 4
276 765 2
276 781 2
276 790 3
276 792 4
276 944 1
276 999 2
277 20 5
277 25 5
277 36 5
277 88 5
277 90 5
277 237 5
277 255 5
277 280 5
277 282 5
277 289 5
277 294 5
277 553 5
277 709 5
277 722 5
277 724 5
277 732 5
277 778 5
277 781 5
277 815 5
277 846 5
278 1 5
278 7 5
278 17 5
278 23 5
278 26 5
278 28 5
278 40 5
278 41 3
278 42 5
278 48 5
278 50 5
278 65 5
278 72 5
278 77 5
278 79 5
278 81 5
278 93 5
278 98 5
278 111 5
278 122 3
278 134 5
278 137 5
278 143 5
278 145 5
278 151 5
278 160 5
278 161 5
278 168 5
278 188 5
278 196 5
278 216 5
278 218 5
278 219 5
278 222 5
278 231 4
278 237 5
278 238 5
278 276 5
278 288 5
278 300 5
278 318 5
278 327 5
278 340 5
278 350 5
278 354 5
278 357 5
278 367 5
278 369 3
278 392 4
278 403 5
278 410 5
278 412 4
278 427 5
278 447 5
278 451 5
278 467 5
278 469 5
278 518 5
278 568 5
278 591 5
278 604 5
278 616 5
278 655 5
278 658 5
278 673 5
278 684 5
278 739 5
278 743 4
278 763 5
278 843 4
278 866 5
278 959 5
278 975 4
279 1 5
279 8 5
279 24 5
279 28 5
279 31 5
279 50 5
279 54 5
279 55 5
279 58 5
279 66 5
279 70 5
279 71 5
279 79 5
279 82 5
279 88 5
279 89 5
279 95 5
279 96 5
279 97 5
279 100 5
279 101 5
279 108 5
279 111 5
279 117 5
279 118 5
279 121 5
279 122 4
279 127 5
279 133 5
279 135 5
279 147 5
279 148 5
279 161 5
279 168 5
279 172 5
279 173 5
279 174 5
279 175 5
279 176 5
279 177 5
279 179 5
279 180 5
279 181 5
279 182 5
279 183 5
279 185 5
279 187 5
279 188 5
279 189 5
279 190 5
279 195 5
279 197 5
279 198 5
279 201 5
279 204 5
279 209 5
279 210 5
279 211 5
279 213 5
279 215 5
279 216 5
279 226 5
279 228 5
279 230 5
279 241 5
279 248 5
279 249 5
279 255 5
279 257 5
279 258 5
279 261 4
279 264 5
279 265 5
279 266 5
279 270 5
279 272 5
279 281 5
279 282 5
279 283 5
279 286 5
279 288 5
279 294 5
279 295 5
279 298 5
279 300 5
279 304 5
279 318 5
279 324 5
279 328 5
279 356 5
279 358 5
279 380 5
279 385 5
279 398 4
279 405 5
279 421 5
279 422 4
279 423 5
279 436 5
279 455 5
279 463 5
279 472 5
279 479 5
279 483 5
279 489 5
279 500 5
279 510 5
279 511 5
279 523 5
279 526 5
279 528 5
279 535 4
279 546 5
279 566 5
279 588 5
279 602 5
279 604 5
279 616 5
279 629 5
279 632 5
279 640 5
279 651 5
279 655 5
279 680 5
279 688 4
279 692 5
279 727 5
279 732 5
279 739 5
279 748 5
279 751 5
279 752 5
279 840 5
279 879 5
279 931 4
279 945 5
280 8 4
280 12 5
280 64 5
280 96 4
280 100 5
280 114 5
280 127 5
280 165 5
280 166 4
280 172 5
280 175 5
280 183 4
280 190 5
280 191 5
280 203 5
280 213 5
280 237 5
280 257 5
280 265 5
280 272 5
280 294 5
280 298 4
280 319 5
280 347 5
280 462 5
280 479 5
280 483 5
280 504 5
280 510 4
280 511 5
280 517 5
280 603 5
280 615 3
280 642 3
280 661 5
280 705 4
280 863 4
281 42 5
281 50 5
281 66 4
281 70 4
281 86 5
281 100 5
281 153 5
281 163 4
281 173 5
281 190 5
281 197 5
281 204 5
281 207 4
281 210 5
281 238 5
281 283 5
281 313 5
281 318 5
281 322 5
281 367 4
281 427 5
281 430 5
281 435 5
281 479 5
281 484 5
281 505 4
281 507 5
281 514 5
281 524 5
281 596 5
281 648 4
281 650 4
281 678 5
281 780 3
282 50 5
282 127 5
282 257 5
282 288 5
282 289 5
282 295 5
282 298 5
282 301 5
282 321 5
282 748 5
282 876 5
282 881 5
283 1 5
283 12 5
283 20 5
283 99 5
283 107 5
283 116 5
283 121 5
283 144 5
283 151 5
283 180 5
283 181 5
283 195 5
283 197 5
283 199 5
283 229 5
283 230 5
283 237 5
283 249 5
283 250 5
283 257 5
283 270 5
283 271 5
283 277 5
283 286 5
283 290 5
283 318 5
283 365 5
283 380 5
283 405 5
283 432 5
283 449 5
283 462 5
283 480 5
283 538 5
283 582 5
283 612 5
283 743 3
283 900 5
284 1 5
284 7 5
284 9 5
284 15 5
284 24 5
284 25 5
284 28 5
284 29 5
284 50 5
284 51 5
284 53 5
284 56 5
284 70 5
284 71 5
284 73 5
284 79 5
284 82 5
284 94 5
284 96 5
284 97 5
284 98 5
284 111 5
284 122 5
284 135 5
284 136 5
284 143 5
284 144 5
284 150 5
284 151 5
284 168 5
284 173 5
284 174 5
284 181 5
284 195 5
284 202 5
284 204 5
284 216 5
284 222 5
284 227 5
284 229 5
284 230 5
284 234 5
284 235 5
284 237 5
284 239 5
284 248 5
284 250 5
284 252 5
284 255 5
284 257 5
284 258 5
284 265 5
284 274 5
284 275 5
284 293 5
284 294 5
284 300 5
284 313 5
284 315 5
284 318 5
284 343 5
284 385 5
284 392 5
284 399 5
284 405 5
284 419 5
284 422 4
284 427 5
284 431 5
284 449 5
284 451 5
284 463 5
284 472 5
284 510 5
284 550 5
284 560 3
284 562 5
284 568 5
284 578 5
284 588 5
284 597 5
284 625 5
284 651 5
284 655 5
284 665 5
284 679 5
284 692 5
284 699 5
284 746 5
284 755 5
284 778 5
284 823 5
284 829 5
284 849 5
284 879 5
284 926 5
285 245 4
285 288 5
285 289 4
285 294 4
285 303 5
285 313 5
285 321 5
285 326 4
285 330 3
285 341 2
285 748 4
286 1 5
286 3 5
286 7 5
286 10 5
286 13 5
286 14 5
286 15 5
286 20 5
286 93 5
286 109 5
286 111 5
286 117 5
286 121 5
286 123 5
286 124 5
286 127 5
286 129 5
286 137 5
286 146 3
286 147 5
286 150 5
286 151 5
286 181 5
286 220 5
286 221 5
286 235 5
286 236 5
286 237 5
286 245 5
286 248 5
286 250 5
286 255 5
286 257 5
286 258 5
286 262 5
286 264 5
286 270 5
286 273 5
286 275 5
286 276 5
286 277 5
286 280 5
286 282 5
286 284 5
286 285 5
286 286 5
286 287 5
286 295 5
286 298 5
286 299 5
286 300 5
286 305 5
286 319 5
286 321 5
286 322 5
286 327 5
286 331 5
286 332 5
286 333 5
286 336 5
286 471 5
286 475 5
286 476 5
286 508 5
286 591 5
286 595 5
286 597 5
286 620 5
286 628 5
286 678 5
286 689 5
286 696 5
286 717 5
286 718 5
286 742 5
286 748 5
286 762 5
286 766 5
286 818 4
286 823 5
286 845 5
286 846 5
286 864 5
286 872 5
286 874 5
286 879 5
286 880 5
286 882 5
286 886 5
286 887 5
286 924 5
286 935 1
286 975 5
286 994 5
286 995 5
287 1 5
287 2 4
287 3 4
287 4 4
287 12 5
287 17 4
287 25 5
287 28 5
287 31 5
287 38 4
287 42 4
287 43 4
287 45 4
287 48 5
287 49 4
287 50 5
287 55 5
287 56 5
287 58 4
287 66 4
287 68 4
287 69 5
287 71 5
287 73 4
287 76 3
287 77 4
287 79 5
287 81 4
287 82 4
287 87 5
287 88 5
287 92 4
287 95 5
287 96 5
287 97 5
287 99 4
287 100 5
287 111 5
287 117 5
287 121 5
287 125 5
287 128 4
287 133 5
287 136 5
287 140 4
287 143 4
287 144 5
287 150 5
287 160 4
287 161 4
287 172 5
287 174 5
287 176 5
287 179 4
287 181 5
287 183 5
287 188 4
287 191 5
287 194 5
287 195 5
287 196 5
287 202 4
287 206 4
287 215 5
287 216 5
287 222 5
287 226 4
287 227 4
287 230 4
287 232 4
287 237 5
287 239 5
287 249 4
287 252 4
287 255 5
287 257 5
287 258 5
287 259 4
287 260 4
287 265 5
287 270 5
287 272 5
287 273 5
287 276 5
287 280 4
287 282 5
287 286 5
287 288 5
287 289 4
287 293 5
287 294 5
287 298 5
287 300 5
287 318 5
287 333 5
287 347 5
287 356 4
287 366 3
287 367 4
287 378 5
287 402 4
287 403 4
287 404 4
287 411 4
287 412 4
287 419 4
287 423 5
287 432 4
287 455 4
287 462 4
287 470 4
287 471 5
287 474 5
287 501 4
287 540 3
287 541 2
287 546 4
287 549 4
287 550 5
287 566 5
287 572 3
287 578 4
287 586 3
287 588 5
287 591 5
287 596 4
287 597 4
287 620 5
287 627 3
287 628 5
287 652 4
287 658 4
287 672 3
287 679 4
287 684 5
287 685 5
287 686 4
287 692 4
287 710 4
287 713 5
287 727 4
287 732 4
287 735 4
287 742 5
287 747 4
287 748 4
287 768 3
287 772 3
287 779 3
287 781 4
287 790 3
287 794 4
287 820 3
287 823 4
287 833 3
287 845 4
287 932 3
287 939 5
287 941 3
287 956 5
287 978 3
288 1 5
288 8 5
288 11 5
288 22 5
288 28 5
288 33 4
288 50 5
288 58 5
288 64 5
288 69 5
288 70 5
288 83 5
288 87 5
288 96 5
288 98 5
288 100 5
288 111 5
288 133 5
288 135 5
288 154 5
288 164 5
288 168 5
288 172 5
288 173 5
288 176 5
288 180 5
288 181 5
288 182 5
288 183 5
288 185 5
288 186 5
288 187 5
288 190 5
288 196 5
288 198 5
288 199 5
288 200 5
288 203 5
288 207 5
288 210 5
288 211 5
288 222 5
288 228 5
288 230 5
288 238 5
288 243 5
288 245 5
288 258 5
288 259 4
288 260 5
288 265 5
288 269 5
288 292 5
288 299 5
288 304 5
288 318 5
288 328 5
288 333 5
288 358 5
288 385 5
288 405 5
288 414 5
288 419 5
288 429 5
288 434 4
288 468 5
288 474 5
288 480 5
288 483 5
288 485 5
288 491 4
288 493 5
288 496 5
288 498 5
288 500 5
288 510 5
288 511 5
288 514 5
288 515 5
288 520 5
288 521 5
288 523 5
288 526 5
288 527 5
288 568 5
288 605 4
288 612 4
288 655 5
288 659 5
288 662 5
288 692 5
288 707 4
288 724 5
288 732 5
288 776 3
288 845 5
288 880 5
288 890 4
289 243 5
289 258 5
289 259 5
289 260 5
289 261 5
289 263 4
289 264 5
289 266 5
289 268 5
289 271 5
289 272 5
289 286 5
289 288 5
289 292 5
289 294 5
289 301 5
289 302 5
289 304 5
289 308 5
289 310 5
289 313 5
289 315 5
289 316 5
289 319 5
289 321 5
289 324 5
289 325 5
289 326 5
289 327 5
289 330 4
289 331 5
289 332 5
289 333 5
289 334 5
289 339 5
289 340 5
289 342 5
289 343 5
289 349 4
289 353 4
289 355 5
289 358 5
289 457 3
289 538 5
289 678 5
289 680 5
289 681 5
289 682 5
289 687 5
289 689 5
289 748 5
289 750 5
289 751 5
289 752 5
289 872 4
289 873 4
289 874 5
289 875 5
289 878 5
289 881 4
289 883 5
289 887 5
289 890 4
289 892 5
289 902 5
289 948 5
289 988 5
289 989 5
289 991 3
290 1 5
290 9 5
290 15 5
290 50 5
290 93 4
290 117 5
290 124 5
290 126 5
290 127 5
290 137 5
290 150 4
290 151 4
290 181 5
290 224 5
290 237 5
290 258 5
290 273 5
290 277 4
290 284 4
290 286 5
290 292 5
290 293 5
290 298 5
290 302 5
290 333 5
290 410 4
290 455 4
290 473 5
290 475 5
290 596 4
290 741 4
290 764 3
290 847 5
290 919 5
290 926 3
290 993 4
291 45 5
291 100 5
291 124 5
291 129 5
291 190 5
291 237 5
291 258 5
291 273 5
291 285 5
291 286 5
291 340 5
291 475 5
291 657 5
291 696 4
291 900 5
292 45 4
292 56 5
292 69 5
292 83 5
292 86 5
292 97 5
292 100 5
292 124 5
292 127 5
292 131 4
292 137 5
292 186 5
292 187 5
292 192 5
292 193 5
292 205 4
292 212 4
292 221 5
292 242 5
292 285 5
292 286 5
292 291 5
292 318 5
292 479 5
292 482 5
292 483 5
292 492 4
292 511 5
292 523 5
292 527 5
292 528 5
292 531 5
292 654 5
292 772 5
293 1 5
293 7 5
293 11 5
293 12 5
293 22 5
293 24 4
293 48 4
293 50 5
293 59 4
293 60 3
293 65 4
293 69 4
293 71 4
293 79 5
293 82 4
293 91 4
293 95 4
293 96 5
293 98 5
293 100 5
293 115 5
293 117 5
293 118 4
293 121 5
293 124 5
293 127 5
293 150 5
293 151 5
293 154 5
293 156 4
293 168 4
293 171 5
293 172 5
293 173 5
293 174 5
293 175 5
293 176 5
293 180 4
293 181 5
293 182 4
293 183 5
293 188 4
293 191 5
293 192 4
293 195 5
293 196 4
293 209 5
293 210 5
293 222 5
293 234 4
293 235 4
293 238 5
293 239 4
293 250 4
293 252 5
293 257 5
293 258 5
293 260 4
293 264 4
293 265 4
293 271 4
293 273 4
293 275 5
293 284 4
293 288 5
293 300 5
293 318 5
293 323 5
293 327 5
293 328 5
293 343 4
293 357 5
293 369 3
293 404 4
293 405 5
293 410 4
293 411 4
293 431 4
293 455 4
293 462 5
293 475 5
293 483 5
293 527 4
293 528 4
293 546 4
293 550 5
293 597 4
293 647 3
293 652 4
293 684 4
293 687 3
293 693 4
293 742 5
293 746 3
293 751 4
293 754 5
293 762 4
293 763 4
293 876 4
293 879 5
293 886 5
293 890 2
293 925 4
294 9 5
294 50 5
294 64 5
294 65 5
294 86 5
294 98 4
294 100 5
294 107 3
294 126 4
294 174 5
294 183 5
294 191 5
294 194 4
294 199 5
294 222 4
294 237 4
294 286 5
294 289 5
294 294 5
294 322 4
294 357 5
294 427 4
294 507 4
294 528 3
294 748 4
295 2 3
295 4 4
295 11 5
295 29 3
295 44 4
295 50 5
295 53 3
295 54 4
295 56 5
295 64 5
295 68 4
295 69 5
295 71 5
295 79 5
295 84 5
295 86 5
295 88 5
295 89 5
295 90 4
295 91 4
295 94 5
295 95 5
295 98 5
295 101 4
295 109 5
295 120 4
295 121 5
295 132 5
295 133 5
295 139 4
295 140 4
295 143 5
295 144 5
295 145 3
295 147 5
295 151 5
295 153 5
295 155 4
295 157 4
295 158 4
295 161 5
295 162 5
295 163 5
295 167 3
295 168 5
295 172 5
295 173 5
295 176 5
295 179 5
295 181 5
295 184 4
295 186 5
295 188 4
295 191 5
295 195 5
295 200 5
295 201 5
295 202 5
295 204 5
295 214 5
295 216 5
295 217 4
295 219 3
295 222 5
295 227 5
295 228 5
295 229 4
295 230 4
295 231 3
295 232 4
295 234 5
295 235 5
295 265 5
295 282 5
295 288 5
295 357 5
295 379 3
295 380 5
295 385 4
295 386 4
295 389 3
295 391 3
295 392 5
295 395 4
295 402 5
295 403 5
295 404 5
295 413 5
295 416 4
295 417 5
295 421 5
295 423 5
295 431 4
295 433 5
295 435 5
295 444 3
295 447 4
295 449 4
295 451 5
295 452 4
295 465 4
295 470 5
295 472 5
295 478 5
295 479 5
295 496 5
295 501 5
295 504 5
295 505 5
295 507 5
295 523 5
295 559 4
295 566 4
295 575 3
295 581 4
295 616 4
295 622 4
295 629 5
295 642 5
295 650 5
295 658 4
295 660 5
295 665 3
295 671 5
295 674 3
295 679 4
295 684 5
295 705 5
295 732 5
295 742 5
295 768 3
295 770 4
295 790 5
295 796 4
295 797 4
295 831 5
295 843 5
295 924 5
295 944 3
296 7 5
296 10 5
296 11 5
296 17 5
296 33 5
296 38 5
296 39 5
296 42 5
296 50 5
296 53 4
296 56 5
296 64 5
296 77 5
296 87 5
296 89 5
296 96 5
296 97 5
296 98 5
296 99 5
296 109 5
296 132 5
296 133 5
296 135 5
296 136 5
296 141 5
296 143 5
296 147 5
296 150 5
296 154 5
296 156 5
296 158 5
296 164 5
296 172 5
296 173 5
296 181 5
296 183 5
296 186 5
296 191 5
296 204 5
296 222 5
296 227 5
296 228 5
296 229 5
296 246 5
296 268 5
296 288 5
296 318 5
296 356 5
296 378 5
296 380 5
296 393 5
296 417 4
296 418 5
296 420 5
296 432 5
296 433 5
296 469 5
296 480 5
296 485 5
296 526 5
296 528 5
296 532 4
296 561 3
296 607 5
296 625 5
296 633 5
296 659 5
296 727 5
296 743 5
296 746 5
296 774 4
296 825 5
296 921 5
297 1 5
297 2 4
297 3 4
297 11 5
297 12 5
297 13 5
297 19 5
297 24 4
297 25 5
297 28 5
297 31 5
297 38 4
297 39 3
297 54 4
297 56 5
297 66 5
297 67 4
297 70 5
297 71 5
297 72 4
297 77 4
297 79 5
297 80 4
297 82 4
297 87 5
297 89 5
297 94 5
297 95 4
297 96 5
297 97 5
297 98 5
297 99 4
297 100 5
297 101 3
297 105 4
297 108 5
297 109 4
297 114 5
297 118 5
297 122 4
297 127 5
297 139 4
297 145 3
297 152 4
297 153 5
297 155 4
297 161 4
297 163 4
297 164 4
297 167 3
297 168 5
297 173 5
297 174 5
297 175 5
297 181 5
297 185 5
297 186 5
297 187 5
297 188 4
297 189 5
297 195 5
297 197 5
297 202 5
297 204 5
297 208 4
297 217 4
297 225 5
297 227 4
297 228 4
297 229 3
297 230 4
297 233 4
297 234 5
297 240 5
297 242 5
297 248 5
297 250 5
297 252 5
297 257 5
297 258 5
297 260 4
297 268 5
297 273 5
297 274 5
297 288 5
297 291 5
297 298 5
297 325 5
297 358 5
297 363 3
297 364 4
297 373 3
297 382 5
297 384 4
297 385 4
297 386 4
297 393 5
297 395 3
297 399 3
297 403 4
297 405 5
297 407 5
297 408 5
297 412 4
297 418 4
297 420 4
297 423 5
297 431 4
297 432 4
297 451 4
297 452 4
297 455 4
297 465 4
297 472 4
297 475 5
297 501 4
297 508 5
297 510 5
297 526 5
297 540 3
297 545 1
297 549 4
297 550 5
297 552 3
297 559 3
297 562 5
297 566 4
297 568 5
297 570 4
297 575 4
297 577 4
297 578 3
297 588 5
297 590 4
297 597 4
297 603 5
297 625 3
297 627 4
297 645 4
297 651 5
297 652 3
297 655 5
297 657 5
297 679 4
297 692 4
297 716 5
297 720 4
297 721 5
297 722 5
297 724 5
297 731 3
297 741 5
297 746 4
297 748 5
297 758 3
297 765 4
297 771 2
297 780 4
297 781 4
297 783 4
297 790 5
297 792 5
297 797 3
297 802 4
297 809 4
297 810 3
297 840 4
297 849 2
297 864 5
297 940 2
297 943 5
297 1000 4
298 10 5
298 11 5
298 12 5
298 23 5
298 32 5
298 50 5
298 53 5
298 56 5
298 59 5
298 61 5
298 79 5
298 83 5
298 89 5
298 98 5
298 121 5
298 124 5
298 127 5
298 136 5
298 137 5
298 144 5
298 150 5
298 151 5
298 156 5
298 160 5
298 164 5
298 168 5
298 171 5
298 172 5
298 175 5
298 176 5
298 182 5
298 183 5
298 186 5
298 187 5
298 191 5
298 192 5
298 197 5
298 202 5
298 203 5
298 204 5
298 210 5
298 212 5
298 218 5
298 222 5
298 228 5
298 229 5
298 258 5
298 262 5
298 271 5
298 275 5
298 288 5
298 293 5
298 302 5
298 340 5
298 381 5
298 425 5
298 435 5
298 443 5
298 447 5
298 449 5
298 464 5
298 474 5
298 475 5
298 483 5
298 484 5
298 486 5
298 489 5
298 512 5
298 514 5
298 515 5
298 522 5
298 525 5
298 538 5
298 548 5
298 554 5
298 558 5
298 591 5
298 594 4
298 603 5
298 631 5
298 649 5
298 652 5
298 656 5
298 664 5
298 675 5
298 693 5
298 754 5
298 772 5
298 806 5
298 887 5
298 919 5
298 922 5
298 985 4
299 8 5
299 11 5
299 12 5
299 50 5
299 87 5
299 97 5
299 117 5
299 127 5
299 132 5
299 136 5
299 153 5
299 157 5
299 176 5
299 177 5
299 181 5
299 182 5
299 183 5
299 191 5
299 193 5
299 194 5
299 198 5
299 202 5
299 207 4
299 210 5
299 213 5
299 215 5
299 238 5
299 251 5
299 271 5
299 272 5
299 275 5
299 295 5
299 300 5
299 301 5
299 307 5
299 312 5
299 313 5
299 318 5
299 326 5
299 357 5
299 414 5
299 425 5
299 463 5
299 474 5
299 482 5
299 483 5
299 484 5
299 486 5
299 497 5
299 511 5
299 516 5
299 520 5
299 521 5
299 530 5
299 539 5
299 605 5
299 651 5
299 657 5
299 661 5
299 663 5
299 664 4
299 690 5
299 692 5
299 742 5
299 750 5
299 879 5
299 886 5
299 887 5
299 902 5
300 1 5
300 3 5
300 8 5
300 9 5
300 25 5
300 28 5
300 30 4
300 39 5
300 42 5
300 43 4
300 44 5
300 45 5
300 50 5
300 56 5
300 58 5
300 61 5
300 62 5
300 69 5
300 70 5
300 72 5
300 83 5
300 88 5
300 89 5
300 94 5
300 97 5
300 98 5
300 100 5
300 111 5
300 116 5
300 118 5
300 120 5
300 125 5
300 129 5
300 133 5
300 135 5
300 143 5
300 147 5
300 159 5
300 164 5
300 172 5
300 175 5
300 179 5
300 181 5
300 196 5
300 202 5
300 204 5
300 208 5
300 210 5
300 211 5
300 216 5
300 217 5
300 223 5
300 234 5
300 235 5
300 237 5
300 238 5
300 244 5
300 245 5
300 246 5
300 250 5
300 252 5
300 255 5
300 257 5
300 258 5
300 268 5
300 274 5
300 275 5
300 276 5
300 281 5
300 282 5
300 283 5
300 284 5
300 285 5
300 287 5
300 294 5
300 298 5
300 300 5
300 301 5
300 304 5
300 316 5
300 325 5
300 381 5
300 386 5
300 387 5
300 393 5
300 396 5
300 405 5
300 407 5
300 412 5
300 421 5
300 448 5
300 464 5
300 469 5
300 471 5
300 472 5
300 475 5
300 476 4
300 498 5
300 509 5
300 514 5
300 517 5
300 522 5
300 529 5
300 531 5
300 535 5
300 553 5
300 559 4
300 568 5
300 569 5
300 584 4
300 611 4
300 619 5
300 639 4
300 640 5
300 660 5
300 662 5
300 665 5
300 699 5
300 708 4
300 709 5
300 714 5
300 721 5
300 729 5
300 735 5
300 739 5
300 742 5
300 762 5
300 768 5
300 775 5
300 780 5
300 781 4
300 815 5
300 821 5
300 827 5
300 836 5
300 845 5
300 930 5
300 964 5
300 971 4
300 988 5
300 996 5
