301 195 3
301 204 4
301 269 3
301 283 3
301 318 3
301 423 3
301 481 3
301 515 4
302 242 2
302 268 3
302 286 2
302 300 3
302 304 3
302 313 3
302 315 3
302 316 2
302 875 3
303 258 4
303 294 4
303 300 4
303 301 5
303 305 5
303 306 5
303 319 5
303 325 4
303 332 5
303 333 5
303 340 5
303 343 4
304 136 4
304 172 5
304 193 4
304 237 4
304 245 4
304 286 5
304 480 4
304 566 4
304 603 4
304 606 4
304 705 4
305 87 3
305 204 3
305 288 3
305 327 4
305 427 3
305 651 3
305 655 3
306 1 4
306 50 4
306 127 3
306 151 4
306 252 3
306 255 3
306 748 4
306 924 3
307 111 4
307 121 3
307 125 3
307 181 3
307 220 3
307 252 3
307 258 4
307 298 3
307 300 4
307 458 3
307 546 5
307 815 3
307 926 3
308 336 4
308 353 4
308 751 5
308 873 5
308 879 5
309 268 3
309 270 4
309 292 4
309 300 5
309 302 3
309 313 3
309 335 3
309 343 3
309 346 4
309 682 3
309 689 3
309 895 3
310 21 2
310 94 2
310 181 4
310 258 2
310 300 3
310 473 3
310 596 2
311 1 3
311 50 4
311 151 4
311 259 3
311 269 4
311 272 4
311 300 4
311 736 5
312 1 4
312 9 4
312 100 4
312 129 4
312 268 4
312 276 4
312 410 4
312 475 5
312 740 4
313 243 2
313 286 5
313 289 5
313 310 5
313 311 3
313 313 3
313 323 4
313 332 3
313 748 3
314 288 5
314 300 3
314 313 4
314 319 4
314 326 4
314 333 5
314 538 4
315 117 3
315 125 4
315 243 4
315 245 3
315 288 4
315 301 4
315 304 4
315 326 4
315 339 4
315 340 4
315 410 4
315 748 4
315 988 4
316 14 4
316 25 3
316 286 4
316 313 3
316 319 3
316 321 3
316 676 3
317 272 4
317 340 3
317 345 3
317 690 4
317 902 3
318 22 4
318 258 5
318 269 5
318 286 5
318 288 5
318 301 4
318 311 4
318 313 4
318 515 5
318 525 5
318 538 5
318 882 5
319 271 2
319 288 2
319 289 5
319 301 2
319 310 2
319 322 2
319 338 2
319 538 2
319 682 2
319 690 1
319 877 2
319 989 2
320 258 4
320 262 3
320 268 4
320 269 4
320 271 3
320 305 3
320 307 3
320 325 4
320 333 3
320 689 3
320 890 3
321 150 4
321 151 4
321 191 4
321 194 4
321 198 4
321 205 4
321 222 4
321 237 4
321 276 4
321 288 3
321 455 4
321 514 5
321 538 4
321 902 4
322 7 2
322 21 2
322 24 3
322 125 2
322 222 3
322 405 2
322 410 2
322 685 2
322 849 2
323 100 4
323 257 3
323 261 3
323 288 4
323 294 3
323 328 3
323 456 3
323 881 3
324 245 2
324 258 4
324 289 2
324 322 3
324 323 2
324 328 2
324 680 2
324 879 2
325 237 4
325 259 3
325 275 4
325 278 3
325 300 3
325 313 3
325 328 3
325 343 3
325 681 3
325 682 3
325 742 3
325 895 2
326 13 3
326 14 4
326 150 3
326 235 3
326 242 4
326 269 4
326 286 4
326 287 3
326 321 3
326 476 3
326 756 3
327 286 3
327 304 4
327 331 5
327 333 3
327 334 3
327 690 3
328 251 4
328 257 4
328 258 3
328 304 3
328 740 3
328 748 3
328 845 3
329 264 3
329 271 5
329 299 3
329 300 4
329 322 3
329 326 4
329 328 4
329 350 3
329 354 3
329 879 4
330 259 3
330 269 4
330 301 3
330 313 4
330 333 3
330 338 3
330 689 3
330 750 4
330 751 4
330 879 3
330 880 3
331 1 5
331 5 4
331 7 5
331 8 5
331 9 4
331 11 4
331 12 5
331 22 4
331 31 5
331 38 5
331 44 4
331 53 5
331 54 4
331 56 4
331 70 5
331 73 5
331 77 5
331 79 4
331 82 4
331 95 4
331 96 4
331 97 4
331 98 4
331 105 4
331 106 4
331 117 4
331 118 4
331 120 4
331 121 4
331 122 4
331 123 4
331 125 4
331 144 5
331 148 4
331 156 5
331 159 4
331 172 5
331 174 5
331 181 5
331 182 5
331 195 4
331 204 4
331 210 5
331 218 4
331 222 5
331 228 4
331 229 4
331 230 4
331 232 4
331 233 4
331 234 4
331 235 4
331 237 5
331 240 4
331 249 4
331 252 4
331 255 4
331 257 5
331 258 5
331 264 4
331 265 4
331 271 4
331 273 5
331 282 5
331 288 5
331 291 5
331 293 4
331 294 4
331 295 4
331 298 4
331 300 4
331 307 5
331 313 4
331 323 5
331 326 5
331 327 4
331 328 5
331 333 5
331 342 4
331 354 4
331 356 4
331 369 4
331 370 4
331 405 4
331 406 4
331 409 4
331 410 4
331 431 4
331 449 4
331 450 4
331 451 4
331 470 4
331 546 5
331 566 5
331 597 5
331 628 4
331 651 4
331 660 4
331 673 5
331 679 4
331 682 4
331 684 5
331 693 4
331 696 5
331 717 4
331 728 4
331 742 5
331 746 4
331 756 5
331 763 5
331 770 4
331 815 5
331 824 4
331 827 4
331 831 4
331 833 4
331 840 4
331 841 4
331 845 4
331 866 4
331 871 4
331 879 4
331 928 5
331 931 4
331 934 4
331 975 4
331 978 4
331 982 4
331 983 4
332 66 3
332 88 3
332 98 3
332 100 4
332 168 3
332 174 2
332 186 3
332 276 3
332 435 3
332 513 3
332 739 3
332 748 3
332 873 4
333 4 3
333 7 3
333 8 3
333 9 3
333 12 4
333 13 3
333 19 3
333 20 3
333 22 3
333 23 3
333 28 3
333 42 3
333 50 3
333 52 4
333 56 4
333 58 3
333 59 3
333 61 3
333 68 3
333 69 4
333 72 3
333 73 4
333 74 3
333 77 4
333 79 3
333 81 4
333 82 4
333 83 3
333 86 4
333 89 3
333 91 3
333 93 3
333 95 5
333 98 4
333 100 4
333 111 4
333 115 3
333 116 4
333 117 3
333 124 4
333 125 3
333 127 3
333 131 3
333 132 4
333 134 3
333 135 4
333 143 3
333 150 3
333 151 3
333 153 4
333 154 3
333 155 3
333 160 3
333 163 3
333 164 3
333 168 3
333 169 4
333 170 3
333 171 3
333 172 4
333 173 3
333 174 4
333 175 3
333 176 5
333 179 3
333 181 4
333 182 3
333 183 4
333 185 4
333 186 3
333 191 3
333 196 3
333 197 3
333 200 4
333 203 3
333 204 4
333 207 3
333 210 3
333 213 4
333 216 3
333 217 3
333 220 3
333 221 3
333 222 4
333 223 4
333 224 3
333 225 3
333 227 3
333 228 3
333 229 3
333 230 3
333 231 3
333 235 3
333 237 4
333 238 4
333 239 3
333 244 3
333 245 3
333 248 3
333 250 3
333 255 3
333 258 4
333 265 3
333 268 4
333 269 4
333 272 3
333 275 4
333 276 3
333 277 3
333 282 3
333 283 3
333 285 3
333 286 4
333 287 3
333 288 3
333 289 4
333 293 3
333 297 3
333 300 4
333 301 3
333 302 4
333 303 4
333 305 4
333 306 4
333 310 3
333 311 4
333 312 3
333 315 4
333 316 4
333 317 3
333 318 3
333 319 4
333 322 4
333 324 3
333 326 4
333 328 4
333 333 4
333 337 3
333 338 3
333 340 3
333 345 3
333 346 3
333 347 4
333 371 3
333 387 3
333 396 3
333 405 4
333 408 3
333 421 3
333 423 4
333 425 3
333 427 3
333 428 3
333 429 3
333 430 3
333 433 3
333 436 4
333 443 4
333 449 3
333 450 3
333 461 3
333 462 3
333 474 3
333 476 3
333 481 3
333 483 4
333 484 4
333 488 3
333 494 3
333 498 4
333 500 4
333 502 3
333 505 3
333 506 3
333 508 3
333 510 4
333 512 3
333 514 4
333 515 4
333 521 3
333 525 5
333 529 3
333 531 3
333 537 3
333 553 3
333 558 3
333 566 4
333 569 3
333 577 3
333 582 4
333 591 3
333 603 3
333 606 3
333 607 3
333 608 3
333 620 3
333 628 3
333 629 3
333 631 4
333 635 4
333 640 3
333 642 3
333 652 4
333 655 3
333 657 4
333 658 3
333 663 3
333 675 3
333 684 4
333 689 3
333 693 3
333 707 4
333 708 3
333 709 3
333 710 3
333 712 3
333 716 3
333 736 3
333 740 3
333 742 3
333 744 4
333 746 3
333 753 3
333 762 4
333 792 3
333 815 3
333 840 3
333 845 3
333 846 4
333 855 3
333 856 3
333 865 3
333 870 3
333 877 3
333 879 3
333 886 3
333 887 3
333 888 3
333 896 3
333 899 3
333 902 3
333 905 3
333 931 5
333 936 3
333 937 3
333 945 3
333 950 3
333 955 3
333 961 3
333 969 3
334 258 3
334 260 4
334 269 3
334 300 4
334 313 4
334 322 3
334 323 3
334 324 3
334 342 4
334 347 4
334 902 3
335 3 3
335 4 3
335 13 3
335 15 3
335 33 3
335 41 3
335 42 3
335 49 3
335 56 4
335 63 3
335 66 3
335 67 3
335 70 3
335 88 3
335 90 3
335 105 3
335 111 4
335 117 3
335 122 3
335 124 3
335 125 3
335 151 4
335 153 3
335 154 3
335 158 3
335 168 3
335 186 3
335 202 3
335 204 3
335 208 3
335 216 4
335 232 3
335 237 3
335 239 3
335 275 3
335 276 3
335 282 3
335 288 3
335 290 3
335 367 4
335 383 3
335 388 3
335 395 3
335 399 3
335 401 3
335 405 4
335 410 3
335 451 3
335 475 3
335 546 3
335 571 3
335 575 3
335 577 3
335 619 3
335 628 4
335 692 3
335 710 3
335 722 3
335 732 3
335 738 3
335 742 3
335 763 3
335 781 3
335 785 3
335 790 3
335 796 3
335 824 3
335 845 3
335 859 3
335 864 3
335 926 3
335 959 3
335 998 3
335 999 3
336 15 3
336 106 3
336 121 2
336 127 4
336 135 3
336 222 4
336 228 3
336 235 3
336 371 3
336 380 3
336 392 3
336 449 3
336 515 3
336 520 3
336 636 3
336 742 4
336 831 3
336 879 3
337 1 4
337 56 4
337 79 4
337 83 4
337 100 4
337 132 4
337 133 4
337 134 4
337 135 4
337 168 4
337 170 4
337 175 4
337 189 4
337 194 4
337 196 4
337 197 4
337 208 4
337 211 4
337 212 4
337 215 4
337 269 4
337 286 5
337 294 4
337 306 4
337 408 4
337 427 4
337 435 4
337 443 4
337 462 4
337 474 4
337 480 4
337 483 4
337 484 4
337 486 4
337 490 4
337 494 4
337 498 4
337 511 4
337 513 4
337 514 4
337 516 4
337 523 4
337 525 5
337 603 5
337 604 4
337 606 4
337 607 4
337 613 4
337 650 4
337 654 4
337 663 4
337 708 4
337 792 4
337 945 4
338 1 4
338 4 3
338 5 3
338 7 4
338 11 3
338 12 4
338 22 3
338 23 3
338 25 5
338 28 5
338 29 3
338 30 3
338 32 3
338 42 3
338 45 3
338 47 3
338 50 4
338 55 3
338 58 4
338 64 5
338 65 4
338 67 3
338 69 5
338 73 4
338 74 3
338 76 3
338 79 5
338 80 3
338 81 3
338 86 3
338 88 3
338 89 3
338 91 3
338 97 3
338 98 4
338 100 4
338 101 3
338 117 5
338 121 4
338 124 4
338 126 4
338 127 3
338 130 3
338 131 3
338 132 3
338 133 5
338 134 3
338 135 4
338 136 3
338 139 3
338 144 5
338 145 3
338 150 3
338 151 4
338 153 3
338 154 3
338 156 4
338 159 3
338 160 3
338 161 3
338 163 3
338 167 3
338 168 3
338 170 3
338 173 4
338 174 3
338 175 5
338 179 3
338 180 5
338 181 4
338 182 4
338 183 4
338 185 4
338 186 5
338 188 3
338 190 3
338 191 3
338 192 3
338 194 5
338 195 4
338 196 3
338 197 3
338 198 3
338 199 3
338 203 5
338 204 4
338 205 5
338 208 3
338 209 3
338 214 3
338 222 4
338 226 3
338 227 4
338 228 3
338 231 3
338 233 3
338 234 5
338 235 3
338 238 3
338 240 3
338 248 3
338 257 4
338 258 4
338 265 3
338 269 4
338 270 3
338 276 3
338 286 4
338 288 4
338 298 3
338 302 4
338 317 3
338 327 5
338 347 4
338 357 5
338 380 3
338 402 3
338 403 3
338 404 3
338 410 3
338 411 4
338 415 3
338 423 4
338 427 3
338 428 3
338 431 3
338 433 3
338 435 3
338 436 4
338 447 4
338 451 3
338 461 3
338 469 3
338 474 3
338 475 5
338 478 3
338 479 4
338 483 5
338 484 4
338 485 3
338 488 5
338 496 4
338 503 3
338 508 4
338 509 3
338 511 3
338 514 3
338 515 4
338 516 4
338 521 3
338 522 3
338 523 3
338 525 5
338 528 3
338 530 3
338 546 4
338 549 3
338 550 3
338 566 5
338 568 3
338 573 4
338 582 5
338 589 3
338 603 4
338 607 3
338 614 3
338 631 3
338 636 3
338 637 3
338 640 3
338 642 3
338 649 3
338 650 3
338 655 4
338 657 3
338 661 3
338 663 4
338 673 3
338 675 3
338 678 3
338 693 3
338 702 3
338 709 3
338 719 3
338 737 3
338 739 3
338 770 3
338 772 3
338 806 3
338 823 3
338 845 3
338 856 4
338 939 3
338 942 4
338 961 3
339 1 4
339 15 3
339 50 4
339 66 3
339 71 3
339 143 3
339 173 2
339 174 5
339 186 4
339 199 3
339 204 3
339 205 4
339 215 3
339 265 3
339 274 3
339 417 3
339 418 3
339 423 4
339 435 3
339 502 4
339 504 1
339 520 5
339 526 5
339 584 3
339 588 3
339 946 3
340 3 3
340 4 3
340 7 2
340 8 4
340 11 3
340 13 3
340 15 3
340 23 3
340 25 3
340 26 3
340 28 3
340 32 3
340 47 3
340 56 3
340 58 3
340 68 3
340 92 3
340 93 3
340 95 5
340 98 4
340 100 4
340 108 3
340 111 3
340 122 3
340 123 3
340 124 5
340 125 3
340 131 3
340 132 3
340 133 4
340 134 3
340 135 1
340 143 3
340 144 5
340 156 3
340 160 3
340 174 5
340 175 5
340 179 3
340 188 3
340 189 3
340 191 3
340 192 3
340 193 3
340 194 3
340 196 3
340 197 3
340 204 3
340 208 3
340 212 3
340 216 3
340 220 3
340 223 4
340 237 5
340 238 5
340 240 3
340 248 3
340 251 3
340 255 3
340 257 4
340 262 3
340 274 3
340 276 3
340 282 3
340 287 3
340 288 5
340 289 5
340 294 4
340 297 3
340 298 3
340 301 4
340 319 5
340 320 3
340 326 3
340 327 5
340 357 5
340 367 3
340 378 3
340 381 3
340 382 3
340 408 3
340 410 3
340 412 3
340 421 3
340 423 5
340 427 3
340 433 3
340 461 3
340 478 3
340 482 1
340 483 5
340 487 3
340 496 3
340 499 3
340 508 5
340 517 5
340 518 3
340 531 3
340 535 3
340 544 3
340 547 3
340 574 3
340 581 3
340 584 3
340 591 3
340 606 3
340 607 3
340 654 3
340 655 3
340 656 3
340 657 3
340 663 4
340 699 3
340 723 3
340 724 3
340 732 3
340 746 3
340 762 4
340 764 3
340 772 3
340 789 3
340 792 3
340 818 3
340 844 3
340 846 5
340 866 3
340 873 3
340 875 3
340 928 3
340 950 3
340 952 3
340 965 3
340 974 3
340 975 3
341 1 4
341 3 4
341 4 4
341 7 4
341 8 4
341 9 4
341 10 4
341 11 4
341 20 4
341 23 4
341 25 5
341 26 4
341 28 5
341 38 4
341 42 4
341 44 4
341 47 4
341 50 4
341 52 5
341 53 5
341 55 4
341 56 5
341 57 4
341 58 3
341 62 4
341 63 4
341 65 4
341 66 4
341 67 4
341 68 4
341 69 5
341 76 4
341 77 5
341 79 4
341 81 4
341 82 4
341 83 4
341 86 5
341 87 4
341 88 4
341 89 4
341 90 4
341 97 4
341 98 4
341 100 4
341 117 4
341 118 4
341 121 5
341 124 4
341 127 4
341 130 4
341 132 3
341 134 4
341 135 5
341 137 5
341 143 4
341 144 4
341 147 5
341 153 5
341 154 5
341 155 4
341 156 4
341 159 4
341 163 4
341 164 3
341 168 4
341 169 5
341 174 5
341 176 4
341 177 4
341 179 4
341 186 4
341 187 4
341 188 4
341 189 4
341 191 4
341 193 4
341 194 5
341 196 4
341 197 4
341 199 5
341 200 5
341 208 4
341 211 4
341 214 4
341 223 4
341 228 4
341 229 4
341 231 4
341 234 4
341 235 4
341 236 4
341 237 4
341 238 5
341 241 5
341 250 4
341 257 4
341 265 4
341 269 5
341 275 5
341 276 4
341 277 4
341 288 4
341 297 4
341 302 5
341 303 4
341 306 5
341 318 4
341 324 4
341 333 4
341 334 3
341 357 4
341 358 5
341 367 4
341 371 4
341 375 4
341 382 4
341 385 4
341 405 4
341 408 4
341 410 4
341 423 4
341 427 4
341 429 4
341 435 3
341 449 4
341 458 4
341 461 4
341 462 4
341 463 4
341 471 5
341 473 4
341 474 4
341 476 4
341 483 5
341 498 4
341 499 4
341 510 4
341 515 4
341 521 4
341 523 4
341 527 4
341 530 4
341 536 5
341 546 5
341 555 4
341 559 4
341 561 3
341 568 4
341 569 4
341 581 4
341 582 4
341 606 4
341 614 4
341 631 5
341 642 4
341 654 4
341 655 5
341 657 5
341 660 4
341 684 5
341 702 4
341 703 4
341 708 4
341 712 4
341 724 4
341 727 5
341 729 4
341 739 4
341 744 5
341 747 4
341 778 3
341 786 4
341 792 4
341 919 4
341 921 4
341 930 4
341 931 4
341 943 4
341 950 4
341 951 4
341 961 4
341 980 4
342 1 3
342 4 3
342 5 3
342 7 3
342 8 4
342 9 3
342 11 3
342 13 3
342 14 4
342 22 4
342 25 5
342 26 3
342 39 3
342 45 3
342 58 5
342 70 4
342 73 3
342 79 5
342 86 3
342 87 3
342 88 3
342 89 3
342 95 4
342 96 3
342 97 3
342 98 3
342 106 3
342 111 4
342 118 3
342 119 3
342 122 3
342 124 4
342 125 3
342 127 4
342 129 4
342 132 3
342 137 4
342 148 3
342 169 3
342 172 4
342 174 3
342 175 3
342 176 4
342 181 4
342 183 5
342 190 3
342 191 3
342 195 3
342 196 3
342 198 3
342 202 3
342 203 3
342 204 3
342 208 3
342 210 3
342 213 4
342 215 4
342 216 3
342 222 4
342 228 3
342 235 3
342 237 3
342 244 3
342 245 3
342 246 3
342 248 3
342 251 4
342 255 3
342 269 4
342 272 3
342 274 3
342 275 4
342 276 3
342 278 3
342 280 3
342 281 3
342 283 3
342 284 5
342 285 4
342 286 4
342 288 2
342 291 4
342 295 3
342 297 3
342 298 3
342 301 3
342 304 3
342 306 4
342 311 5
342 313 3
342 315 3
342 316 3
342 322 4
342 357 4
342 372 3
342 385 5
342 405 3
342 433 3
342 451 3
342 459 4
342 462 3
342 471 4
342 472 3
342 476 3
342 477 3
342 478 3
342 479 4
342 486 3
342 487 3
342 494 3
342 508 4
342 509 3
342 511 4
342 516 4
342 535 3
342 537 3
342 559 3
342 562 3
342 568 3
342 597 3
342 619 3
342 647 3
342 660 3
342 663 4
342 678 3
342 684 5
342 694 3
342 696 5
342 707 4
342 708 3
342 709 3
342 713 3
342 716 3
342 742 3
342 751 4
342 764 3
342 815 4
342 844 3
342 845 3
342 864 4
342 896 4
342 926 3
342 928 5
342 955 3
343 1 4
343 4 4
343 9 4
343 11 5
343 13 4
343 14 5
343 15 4
343 25 5
343 26 4
343 28 5
343 33 4
343 43 4
343 44 4
343 48 4
343 49 4
343 50 5
343 51 4
343 64 4
343 65 5
343 66 4
343 69 4
343 70 5
343 71 5
343 77 4
343 79 4
343 81 5
343 87 4
343 88 4
343 93 4
343 98 4
343 100 4
343 111 4
343 118 4
343 121 5
343 124 4
343 125 4
343 126 5
343 131 4
343 132 5
343 137 5
343 143 4
343 148 4
343 151 4
343 170 4
343 172 4
343 173 5
343 174 4
343 191 4
343 196 4
343 197 4
343 202 4
343 204 4
343 216 4
343 220 4
343 221 4
343 223 4
343 226 4
343 234 4
343 235 4
343 237 3
343 239 4
343 241 3
343 245 4
343 246 4
343 255 4
343 258 4
343 262 4
343 269 4
343 272 5
343 274 4
343 278 4
343 280 4
343 282 4
343 283 4
343 284 5
343 285 5
343 287 4
343 288 4
343 289 4
343 291 5
343 294 5
343 295 4
343 298 4
343 300 4
343 302 5
343 303 4
343 305 4
343 311 4
343 312 4
343 313 4
343 315 4
343 317 4
343 323 4
343 325 4
343 332 4
343 333 4
343 356 5
343 365 4
343 367 4
343 378 4
343 381 4
343 382 4
343 387 4
343 402 4
343 403 4
343 405 4
343 416 4
343 433 4
343 443 5
343 451 4
343 461 4
343 464 4
343 471 4
343 473 5
343 476 4
343 479 5
343 481 4
343 485 4
343 498 4
343 508 5
343 518 4
343 534 4
343 550 4
343 559 4
343 566 5
343 568 4
343 582 4
343 588 4
343 620 4
343 639 4
343 651 4
343 655 4
343 660 4
343 676 4
343 696 4
343 702 4
343 708 4
343 709 4
343 715 4
343 716 4
343 722 4
343 724 4
343 732 4
343 736 5
343 737 4
343 738 4
343 739 4
343 742 4
343 744 4
343 747 4
343 748 4
343 772 4
343 781 4
343 845 4
343 846 5
343 866 4
343 879 4
343 886 4
343 903 4
343 919 4
343 949 4
343 955 4
343 956 4
343 972 4
343 988 4
344 2 4
344 3 3
344 4 3
344 7 4
344 11 3
344 12 4
344 17 3
344 22 3
344 29 3
344 31 3
344 33 3
344 38 4
344 50 3
344 53 4
344 54 3
344 55 3
344 56 4
344 62 3
344 64 4
344 67 3
344 72 3
344 76 3
344 83 3
344 89 3
344 91 3
344 92 3
344 94 3
344 97 3
344 98 4
344 100 4
344 110 3
344 117 4
344 120 3
344 121 4
344 127 4
344 132 4
344 133 3
344 134 3
344 141 3
344 143 3
344 144 4
344 147 2
344 153 3
344 157 4
344 158 3
344 161 3
344 167 3
344 168 3
344 172 4
344 173 4
344 174 3
344 176 4
344 180 3
344 181 4
344 183 4
344 184 3
344 186 3
344 187 3
344 188 3
344 203 3
344 204 3
344 210 4
344 211 3
344 213 4
344 215 3
344 216 3
344 218 3
344 219 4
344 232 3
344 234 3
344 240 3
344 245 4
344 250 3
344 259 3
344 265 3
344 273 4
344 276 3
344 288 3
344 291 4
344 293 3
344 294 3
344 300 4
344 302 3
344 318 4
344 322 4
344 325 3
344 333 2
344 358 3
344 366 3
344 369 3
344 375 3
344 385 3
344 391 4
344 392 3
344 394 3
344 403 3
344 405 4
344 415 3
344 431 3
344 455 2
344 470 3
344 496 3
344 518 3
344 520 3
344 541 3
344 546 4
344 549 3
344 550 3
344 561 4
344 569 3
344 572 3
344 576 3
344 578 3
344 582 4
344 597 3
344 616 3
344 636 3
344 642 3
344 657 3
344 669 3
344 673 3
344 684 4
344 685 4
344 708 3
344 712 3
344 727 3
344 732 3
344 739 3
344 742 2
344 743 3
344 746 3
344 748 2
344 780 3
344 785 3
344 802 3
344 809 3
344 831 3
344 842 3
344 879 3
344 944 3
344 959 3
344 967 3
344 977 3
345 1 5
345 7 5
345 12 4
345 15 4
345 17 4
345 22 4
345 24 4
345 25 5
345 28 4
345 31 5
345 50 5
345 55 4
345 56 4
345 65 5
345 68 4
345 69 5
345 70 5
345 73 5
345 76 4
345 79 4
345 82 5
345 85 4
345 87 4
345 91 4
345 96 4
345 97 4
345 98 5
345 99 5
345 117 4
345 118 4
345 125 5
345 127 4
345 137 5
345 151 4
345 156 4
345 157 5
345 158 4
345 159 4
345 163 4
345 164 5
345 168 4
345 172 5
345 173 5
345 174 4
345 176 4
345 177 3
345 181 5
345 182 5
345 183 4
345 187 4
345 188 4
345 192 4
345 195 5
345 200 4
345 202 4
345 203 3
345 204 4
345 208 4
345 215 4
345 216 4
345 222 4
345 223 5
345 226 5
345 227 5
345 230 5
345 233 4
345 235 4
345 239 4
345 240 4
345 241 4
345 245 5
345 252 4
345 258 5
345 268 4
345 271 4
345 276 4
345 280 4
345 286 5
345 290 4
345 291 4
345 293 4
345 294 5
345 298 4
345 300 4
345 317 4
345 318 5
345 323 3
345 324 4
345 328 4
345 333 4
345 356 4
345 369 4
345 371 4
345 385 4
345 386 4
345 392 4
345 403 4
345 404 4
345 405 5
345 410 4
345 416 4
345 423 4
345 432 4
345 460 4
345 462 4
345 465 4
345 468 4
345 470 4
345 471 5
345 472 4
345 475 3
345 501 4
345 508 5
345 544 4
345 550 4
345 568 4
345 588 4
345 595 4
345 597 4
345 609 4
345 655 4
345 660 4
345 685 5
345 686 4
345 689 4
345 692 4
345 699 4
345 721 4
345 735 5
345 742 5
345 763 5
345 806 4
345 819 4
345 820 4
345 827 4
345 829 4
345 831 4
345 841 4
345 871 4
345 879 5
345 928 3
345 930 4
345 943 4
345 959 4
345 977 5
345 982 4
346 7 4
346 25 4
346 107 4
346 118 4
346 121 5
346 123 4
346 126 4
346 147 4
346 225 4
346 240 4
346 243 4
346 245 4
346 276 5
346 288 4
346 291 5
346 294 4
346 368 4
346 370 4
346 405 4
346 406 4
346 411 4
346 412 4
346 472 4
346 473 5
346 477 5
346 546 5
346 628 4
346 756 4
346 819 4
346 831 4
346 834 4
346 924 4
346 926 4
346 934 4
346 974 4
346 975 4
346 988 4
347 9 2
347 15 2
347 20 2
347 100 2
347 118 2
347 125 3
347 237 3
347 276 3
347 411 2
347 412 2
347 455 2
347 458 2
347 471 5
347 475 2
347 544 2
347 596 2
347 847 2
348 23 3
348 50 4
348 89 3
348 132 4
348 133 5
348 136 3
348 168 3
348 172 4
348 173 4
348 174 3
348 179 3
348 183 4
348 193 3
348 204 3
348 210 4
348 211 3
348 214 3
348 228 3
348 271 4
348 324 3
348 435 4
348 479 4
348 480 3
348 483 4
348 489 3
348 515 4
348 530 3
348 589 3
348 604 4
348 616 3
348 654 3
348 657 3
349 286 4
349 288 5
349 289 5
349 292 4
349 301 4
349 310 4
349 311 4
349 312 4
349 313 5
349 323 4
349 326 5
349 332 4
349 340 4
349 341 4
349 343 4
349 359 5
349 538 4
349 748 4
349 751 4
349 754 4
349 873 5
349 879 4
349 880 4
349 984 4
349 989 4
349 990 4
350 4 3
350 7 4
350 39 5
350 79 5
350 89 3
350 92 3
350 96 3
350 100 4
350 129 3
350 144 5
350 156 3
350 173 5
350 176 5
350 181 5
350 182 5
350 183 5
350 194 5
350 195 5
350 216 3
350 228 3
350 234 5
350 273 4
350 302 4
350 385 3
350 568 3
350 653 3
350 692 3
350 746 3
351 272 3
351 300 5
351 301 5
351 327 3
351 328 5
351 331 4
351 332 5
351 340 4
351 343 3
351 346 3
351 358 5
351 750 5
351 905 3
352 7 4
352 9 4
352 19 4
352 25 4
352 32 4
352 42 4
352 47 4
352 50 4
352 52 4
352 57 4
352 58 5
352 59 3
352 60 4
352 61 4
352 66 4
352 70 4
352 79 5
352 83 4
352 86 4
352 87 4
352 88 4
352 93 4
352 98 4
352 109 4
352 116 4
352 124 4
352 131 4
352 133 4
352 134 4
352 135 3
352 136 4
352 137 4
352 143 4
352 149 4
352 151 3
352 152 4
352 153 4
352 154 4
352 155 4
352 162 5
352 166 4
352 168 4
352 171 4
352 174 5
352 175 5
352 180 4
352 186 5
352 189 4
352 190 4
352 191 4
352 193 4
352 197 4
352 199 4
352 202 4
352 208 4
352 209 4
352 211 4
352 213 4
352 216 4
352 238 5
352 241 4
352 242 5
352 246 4
352 248 4
352 251 4
352 255 4
352 257 4
352 258 4
352 268 5
352 269 4
352 270 5
352 272 3
352 275 4
352 276 4
352 281 4
352 285 5
352 287 4
352 297 4
352 303 3
352 305 5
352 306 4
352 308 4
352 311 5
352 313 4
352 318 3
352 321 4
352 344 4
352 381 4
352 382 4
352 387 4
352 414 4
352 419 5
352 421 4
352 423 4
352 428 4
352 429 4
352 435 5
352 462 4
352 463 4
352 464 4
352 473 4
352 478 4
352 479 4
352 480 4
352 483 4
352 485 4
352 487 4
352 489 4
352 494 4
352 496 4
352 497 4
352 498 4
352 507 4
352 508 4
352 509 4
352 511 4
352 513 4
352 515 4
352 516 4
352 518 4
352 520 4
352 528 4
352 529 4
352 531 5
352 533 4
352 582 4
352 584 4
352 602 4
352 603 4
352 604 4
352 605 4
352 606 4
352 607 4
352 629 4
352 631 4
352 638 4
352 650 4
352 651 4
352 652 4
352 657 4
352 659 4
352 660 4
352 661 4
352 692 4
352 694 4
352 699 4
352 702 4
352 705 4
352 707 4
352 709 4
352 716 4
352 732 4
352 733 4
352 735 4
352 736 4
352 737 4
352 740 4
352 753 4
352 792 4
352 811 4
352 847 4
352 855 4
352 863 3
352 865 4
352 882 4
352 889 4
352 900 4
352 904 4
352 929 4
352 953 4
352 955 4
352 956 4
352 958 4
352 962 4
353 260 4
353 264 4
353 271 4
353 306 4
353 307 4
353 328 4
353 358 5
353 681 4
353 882 4
354 300 4
354 307 3
354 312 3
354 316 5
354 326 4
354 331 3
354 689 3
354 748 3
354 937 3
355 1 5
355 7 4
355 10 4
355 24 5
355 105 4
355 111 5
355 118 4
355 123 4
355 125 4
355 126 4
355 150 4
355 151 4
355 220 4
355 222 5
355 235 4
355 237 4
355 245 5
355 270 4
355 273 4
355 274 4
355 275 4
355 280 4
355 284 5
355 287 4
355 291 5
355 304 4
355 322 4
355 334 4
355 405 4
355 407 4
355 455 5
355 456 4
355 471 4
355 472 4
355 473 4
355 476 4
355 546 4
355 595 4
355 597 4
355 685 5
355 687 5
355 713 4
355 742 5
355 760 4
355 819 4
355 820 4
355 831 4
355 833 4
355 866 4
355 932 4
355 984 4
356 8 2
356 132 1
356 179 3
356 213 3
356 324 3
356 357 2
356 382 3
356 469 3
356 482 1
356 511 2
356 529 3
356 558 3
356 582 1
356 584 3
356 639 3
356 643 3
356 855 3
356 896 2
356 918 3
357 1 4
357 7 4
357 118 3
357 181 4
357 250 3
357 268 4
357 286 4
357 295 3
357 298 4
357 313 4
357 405 4
357 408 3
357 455 4
357 472 3
357 748 4
358 1 4
358 10 4
358 13 4
358 14 5
358 23 5
358 25 3
358 28 5
358 45 4
358 50 3
358 56 4
358 64 5
358 79 5
358 116 5
358 134 4
358 157 4
358 165 5
358 166 4
358 170 4
358 172 4
358 174 5
358 181 4
358 187 4
358 191 4
358 194 4
358 195 4
358 197 4
358 199 4
358 205 5
358 207 4
358 210 4
358 222 5
358 237 5
358 238 5
358 242 5
358 248 4
358 251 4
358 269 4
358 271 4
358 275 4
358 284 4
358 286 4
358 297 4
358 302 4
358 303 3
358 304 5
358 306 4
358 308 4
358 309 4
358 321 5
358 326 5
358 328 4
358 334 5
358 357 5
358 405 4
358 423 4
358 479 4
358 515 4
358 521 4
358 523 4
358 588 4
358 654 4
358 661 4
358 663 4
358 735 4
358 744 5
358 845 4
358 933 4
358 936 4
358 963 4
359 12 3
359 14 3
359 23 3
359 26 2
359 53 4
359 55 3
359 56 3
359 59 3
359 60 3
359 66 3
359 79 3
359 83 3
359 86 3
359 88 2
359 90 3
359 97 3
359 98 3
359 100 4
359 111 3
359 129 2
359 148 3
359 150 3
359 156 4
359 166 3
359 168 3
359 170 3
359 173 4
359 176 3
359 178 3
359 179 3
359 183 5
359 185 5
359 186 3
359 190 3
359 197 3
359 203 4
359 204 3
359 207 3
359 212 3
359 216 3
359 218 3
359 222 3
359 228 3
359 234 3
359 237 3
359 238 4
359 258 3
359 269 4
359 273 3
359 274 3
359 275 3
359 276 3
359 286 3
359 340 4
359 387 3
359 421 3
359 430 3
359 435 3
359 451 3
359 466 3
359 475 2
359 498 3
359 502 4
359 504 3
359 513 3
359 514 2
359 517 3
359 524 3
359 525 5
359 531 3
359 611 3
359 639 3
359 654 3
359 657 3
359 659 3
359 673 3
359 684 5
359 694 3
359 705 3
359 709 3
359 737 3
359 739 3
359 742 3
359 762 3
359 770 3
359 781 3
359 794 3
359 813 2
359 934 3
359 949 3
360 245 4
360 258 5
360 288 3
360 294 3
360 300 3
360 302 4
360 312 3
360 328 3
360 350 3
361 1 4
361 2 3
361 4 3
361 5 3
361 7 3
361 9 3
361 11 3
361 22 3
361 29 3
361 32 3
361 37 3
361 38 3
361 44 3
361 47 3
361 50 3
361 55 3
361 56 3
361 58 4
361 62 3
361 65 3
361 66 3
361 67 3
361 68 3
361 70 4
361 71 3
361 72 3
361 73 3
361 77 4
361 79 3
361 81 3
361 82 3
361 87 3
361 88 3
361 89 3
361 90 3
361 91 3
361 93 3
361 95 3
361 96 3
361 97 3
361 98 5
361 101 3
361 102 3
361 114 4
361 117 3
361 120 3
361 121 4
361 128 3
361 134 3
361 137 3
361 144 4
361 145 3
361 151 3
361 152 3
361 154 5
361 155 3
361 156 4
361 159 3
361 161 3
361 163 3
361 164 4
361 169 3
361 171 3
361 172 3
361 173 2
361 174 2
361 179 3
361 182 3
361 183 4
361 184 3
361 186 3
361 187 3
361 188 3
361 189 3
361 193 3
361 195 5
361 196 3
361 200 3
361 201 3
361 204 3
361 206 3
361 208 3
361 210 4
361 212 3
361 215 3
361 216 3
361 217 3
361 218 3
361 222 3
361 226 5
361 227 3
361 228 3
361 229 3
361 231 3
361 234 3
361 235 3
361 237 4
361 248 3
361 250 3
361 258 2
361 264 2
361 265 3
361 270 3
361 271 3
361 282 3
361 283 3
361 284 3
361 288 2
361 290 3
361 293 3
361 298 3
361 307 3
361 315 5
361 316 5
361 317 3
361 322 4
361 325 3
361 328 4
361 333 2
361 336 2
361 346 3
361 347 4
361 350 3
361 351 3
361 366 3
361 370 3
361 380 3
361 387 3
361 391 4
361 393 4
361 402 3
361 403 3
361 405 2
361 408 3
361 417 3
361 423 4
361 426 3
361 428 3
361 429 3
361 431 3
361 433 3
361 443 3
361 444 3
361 448 3
361 449 3
361 451 3
361 461 3
361 469 3
361 472 3
361 473 3
361 474 3
361 505 3
361 506 3
361 511 3
361 523 3
361 531 3
361 537 3
361 546 4
361 550 3
361 552 3
361 554 4
361 555 3
361 559 3
361 561 4
361 566 5
361 568 3
361 569 3
361 571 3
361 572 3
361 575 3
361 578 3
361 588 3
361 590 3
361 591 3
361 597 4
361 603 3
361 616 3
361 625 3
361 631 3
361 640 3
361 650 3
361 651 3
361 653 3
361 658 3
361 660 3
361 665 3
361 673 5
361 675 3
361 678 3
361 679 3
361 682 3
361 685 3
361 691 3
361 698 3
361 699 3
361 707 4
361 709 3
361 710 3
361 719 3
361 735 3
361 741 3
361 742 3
361 746 3
361 747 3
361 752 3
361 760 3
361 761 3
361 767 3
361 774 4
361 778 4
361 792 3
361 802 3
361 805 3
361 809 3
361 816 3
361 825 3
361 831 3
361 854 3
361 859 3
361 895 3
361 906 3
361 933 3
361 940 3
361 946 3
361 959 3
361 979 4
362 288 3
362 289 4
362 319 4
362 321 5
362 875 4
362 988 3
363 1 3
363 7 3
363 13 3
363 25 5
363 109 3
363 124 4
363 125 3
363 137 3
363 150 3
363 151 3
363 222 3
363 258 4
363 268 4
363 271 2
363 272 3
363 275 4
363 277 3
363 285 4
363 287 3
363 288 3
363 294 3
363 301 5
363 309 3
363 315 4
363 316 3
363 321 3
363 326 4
363 352 3
363 473 3
363 476 3
363 591 3
363 742 3
363 813 3
363 846 5
363 894 3
363 908 3
363 948 4
363 995 3
364 98 5
364 164 5
364 184 4
364 201 4
364 217 4
364 218 4
364 219 5
364 234 4
364 413 4
364 445 4
364 448 4
364 559 4
364 561 5
364 672 4
364 853 4
364 854 4
364 860 4
365 5 3
365 17 3
365 50 5
365 53 5
365 56 5
365 98 3
365 145 3
365 176 5
365 179 3
365 183 5
365 184 3
365 200 5
365 201 3
365 218 3
365 234 5
365 246 3
365 250 3
365 258 3
365 288 4
365 302 4
365 324 3
365 326 5
365 333 4
365 379 3
365 406 3
365 413 3
365 436 5
365 441 3
365 443 5
365 448 3
365 452 3
365 559 3
365 567 3
365 637 3
365 665 3
365 670 3
365 672 3
365 760 3
365 769 5
365 800 3
365 919 5
366 11 3
366 17 3
366 56 4
366 89 3
366 98 4
366 100 4
366 127 3
366 181 4
366 184 3
366 201 3
366 217 3
366 218 3
366 234 4
366 313 4
366 320 3
366 379 3
366 396 3
366 561 4
366 567 3
366 569 3
366 637 3
366 670 3
366 672 3
366 774 4
367 50 5
367 166 4
367 172 5
367 179 4
367 181 4
367 243 4
367 346 3
367 358 4
367 890 4
367 988 4
368 12 4
368 22 3
368 31 3
368 42 4
368 50 4
368 56 4
368 98 3
368 114 4
368 116 4
368 134 3
368 135 4
368 136 3
368 153 3
368 172 4
368 174 4
368 175 4
368 176 4
368 181 4
368 183 4
368 193 3
368 195 3
368 209 3
368 210 4
368 222 4
368 257 4
368 265 3
368 269 4
368 285 4
368 294 4
368 321 4
368 323 4
368 423 4
368 425 3
368 433 3
368 443 4
368 480 3
368 484 4
368 493 3
368 494 3
368 497 3
368 511 4
368 514 4
368 525 4
368 603 4
368 604 4
368 607 3
368 608 3
368 613 3
368 657 3
368 659 3
368 661 3
368 705 3
368 856 4
368 923 4
369 1 5
369 22 4
369 24 4
369 50 4
369 55 4
369 64 5
369 69 5
369 77 4
369 97 4
369 98 4
369 117 4
369 174 4
369 175 5
369 177 4
369 179 4
369 180 4
369 181 5
369 183 5
369 194 5
369 197 4
369 210 4
369 237 4
369 265 4
369 393 5
369 431 4
369 435 4
369 443 5
369 449 4
369 452 4
369 523 4
369 627 4
369 655 4
369 746 4
370 5 4
370 12 5
370 23 4
370 44 4
370 56 5
370 77 5
370 79 4
370 98 5
370 100 5
370 129 5
370 148 4
370 159 4
370 176 5
370 185 5
370 200 5
370 201 4
370 218 4
370 219 5
370 262 4
370 288 4
370 299 4
370 322 5
370 325 5
370 327 5
370 332 5
370 436 5
370 441 4
370 443 5
370 446 4
370 447 5
370 547 4
370 561 4
370 574 4
370 595 4
370 628 4
370 637 4
370 649 4
370 672 4
370 674 4
370 678 4
370 874 4
370 875 4
371 2 5
371 4 4
371 12 4
371 15 4
371 20 4
371 22 4
371 24 4
371 25 5
371 28 4
371 31 5
371 48 4
371 50 4
371 58 4
371 64 4
371 66 4
371 68 4
371 70 5
371 80 4
371 81 4
371 82 5
371 83 4
371 89 4
371 90 4
371 94 4
371 95 4
371 96 4
371 97 4
371 99 5
371 100 5
371 102 4
371 105 4
371 110 4
371 114 4
371 117 4
371 127 4
371 132 4
371 136 4
371 139 4
371 142 4
371 143 4
371 144 4
371 150 4
371 151 4
371 154 5
371 155 4
371 156 4
371 161 4
371 162 4
371 163 4
371 165 5
371 166 4
371 172 5
371 173 5
371 175 4
371 177 4
371 179 4
371 180 5
371 181 4
371 184 4
371 186 4
371 189 4
371 191 4
371 194 5
371 195 5
371 196 4
371 197 4
371 202 4
371 206 4
371 208 4
371 209 4
371 210 5
371 211 4
371 213 4
371 214 4
371 215 4
371 217 4
371 225 4
371 226 5
371 228 4
371 230 4
371 232 4
371 239 4
371 241 5
371 259 4
371 265 4
371 269 5
371 275 4
371 278 4
371 281 4
371 286 4
371 290 4
371 318 4
371 357 3
371 366 4
371 378 4
371 382 4
371 386 4
371 389 4
371 390 4
371 392 4
371 393 5
371 399 4
371 401 4
371 402 4
371 403 4
371 404 4
371 409 4
371 414 4
371 417 4
371 418 4
371 420 4
371 421 4
371 423 5
371 427 4
371 431 4
371 433 4
371 435 4
371 451 4
371 472 4
371 474 4
371 480 4
371 485 4
371 487 4
371 488 3
371 494 4
371 497 4
371 499 4
371 506 4
371 510 5
371 514 5
371 520 4
371 527 5
371 550 4
371 553 4
371 559 4
371 566 4
371 568 4
371 571 4
371 577 4
371 588 4
371 598 4
371 603 5
371 625 4
371 627 4
371 645 4
371 648 4
371 649 4
371 651 4
371 655 4
371 658 4
371 660 4
371 679 4
371 694 4
371 699 4
371 704 4
371 705 4
371 707 5
371 709 4
371 715 5
371 724 4
371 727 4
371 729 4
371 732 4
371 746 4
371 747 4
371 748 5
371 756 5
371 778 4
371 828 4
371 842 4
371 843 4
371 849 4
371 941 4
371 946 4
371 949 4
372 1 4
372 5 2
372 7 4
372 9 2
372 11 2
372 12 3
372 15 2
372 17 3
372 23 2
372 24 2
372 28 2
372 29 2
372 39 3
372 48 2
372 50 3
372 56 4
372 64 2
372 66 2
372 68 2
372 69 4
372 70 3
372 71 2
372 77 2
372 87 2
372 89 2
372 95 3
372 97 2
372 98 3
372 100 3
372 106 2
372 111 2
372 116 2
372 118 2
372 120 2
372 121 3
372 122 2
372 123 2
372 125 2
372 126 3
372 127 4
372 129 2
372 135 4
372 143 2
372 144 2
372 147 4
372 148 2
372 150 2
372 151 3
372 156 4
372 159 2
372 161 2
372 162 2
372 168 2
372 173 2
372 174 4
372 176 3
372 182 4
372 183 4
372 185 3
372 186 3
372 192 2
372 195 3
372 197 2
372 200 3
372 202 2
372 204 2
372 210 4
372 216 1
372 218 2
372 222 3
372 223 4
372 225 2
372 226 2
372 228 2
372 229 2
372 230 2
372 231 2
372 233 2
372 234 3
372 235 2
372 237 3
372 240 2
372 247 2
372 248 2
372 252 2
372 254 3
372 257 2
372 265 2
372 279 2
372 280 2
372 282 4
372 284 3
372 289 3
372 291 3
372 292 3
372 310 2
372 318 3
372 322 3
372 323 2
372 356 3
372 363 2
372 369 2
372 385 2
372 403 2
372 405 3
372 412 2
372 423 3
372 424 2
372 427 2
372 449 2
372 450 2
372 454 2
372 458 2
372 463 2
372 465 2
372 466 2
372 467 2
372 468 2
372 475 2
372 476 2
372 483 3
372 521 2
372 527 3
372 540 3
372 544 2
372 550 2
372 552 2
372 554 3
372 558 2
372 566 2
372 568 2
372 572 2
372 576 2
372 581 4
372 591 2
372 619 2
372 620 2
372 628 2
372 637 2
372 642 2
372 651 2
372 665 2
372 685 2
372 692 2
372 717 2
372 735 4
372 741 2
372 742 4
372 743 2
372 756 3
372 761 3
372 762 3
372 770 2
372 789 2
372 815 4
372 819 2
372 820 2
372 824 2
372 844 2
372 845 2
372 846 3
372 872 3
372 880 2
372 924 2
372 928 2
372 930 2
372 931 3
372 932 2
372 934 2
372 952 2
372 963 2
372 974 2
372 975 2
372 977 2
372 978 2
372 979 3
372 983 2
372 986 2
373 5 3
373 44 3
373 176 5
373 233 3
373 288 4
373 302 4
373 356 4
373 443 5
373 573 5
373 583 3
373 603 3
373 761 3
373 773 3
373 939 3
374 11 4
374 98 4
374 154 4
374 181 4
374 197 3
374 198 3
374 223 4
374 269 4
374 274 3
374 275 4
374 288 3
374 301 4
374 328 3
374 427 3
374 603 4
374 663 4
374 707 4
375 56 4
375 98 5
375 154 4
375 164 4
375 168 4
375 173 4
375 219 4
375 234 4
375 268 4
375 272 4
375 313 4
375 316 4
375 323 3
375 338 4
375 354 4
375 358 4
375 443 4
375 682 4
375 748 4
376 1 3
376 2 5
376 4 3
376 5 3
376 7 3
376 8 4
376 9 3
376 10 3
376 11 4
376 12 4
376 13 3
376 14 3
376 15 3
376 21 3
376 22 3
376 28 4
376 29 3
376 31 4
376 40 3
376 42 3
376 43 3
376 48 3
376 49 3
376 50 4
376 52 3
376 54 3
376 58 3
376 59 3
376 62 3
376 63 4
376 65 3
376 66 3
376 68 3
376 70 4
376 73 3
376 77 5
376 79 3
376 86 3
376 87 3
376 88 3
376 89 3
376 91 3
376 94 3
376 95 3
376 99 3
376 100 3
376 106 3
376 110 3
376 111 4
376 117 3
376 121 4
376 123 3
376 125 3
376 126 5
376 132 3
376 135 3
376 141 3
376 143 3
376 144 3
376 148 3
376 151 4
376 153 3
376 155 3
376 157 3
376 159 3
376 161 3
376 162 3
376 167 3
376 172 3
376 173 4
376 174 3
376 175 3
376 176 3
376 179 3
376 180 3
376 181 4
376 182 5
376 186 3
376 191 3
376 194 3
376 195 3
376 196 3
376 197 3
376 200 4
376 202 3
376 207 3
376 210 5
376 213 4
376 215 3
376 217 3
376 218 3
376 222 4
376 223 4
376 226 3
376 227 3
376 230 3
376 231 3
376 233 3
376 234 3
376 235 3
376 237 5
376 239 3
376 241 3
376 245 4
376 248 3
376 252 3
376 254 3
376 255 3
376 257 4
376 258 5
376 269 3
376 272 5
376 273 4
376 274 3
376 275 4
376 276 3
376 277 3
376 280 3
376 281 3
376 282 3
376 283 3
376 284 4
376 285 3
376 286 4
376 288 3
376 289 5
376 294 4
376 295 3
376 298 3
376 300 4
376 301 3
376 302 4
376 317 3
376 318 3
376 319 4
376 321 5
376 326 3
376 328 4
376 356 4
376 365 3
376 380 3
376 381 3
376 382 3
376 385 3
376 386 3
376 387 3
376 392 3
376 393 3
376 396 3
376 401 5
376 403 3
376 404 3
376 405 3
376 409 4
376 410 3
376 411 5
376 417 3
376 418 3
376 419 4
376 420 3
376 423 5
376 432 3
376 433 3
376 435 3
376 447 4
376 449 3
376 451 3
376 458 3
376 465 3
376 468 3
376 469 3
376 471 4
376 476 3
376 479 4
376 482 3
376 485 3
376 496 3
376 500 3
376 501 3
376 508 3
376 509 3
376 517 3
376 527 3
376 528 3
376 542 3
376 546 4
376 549 3
376 554 4
376 559 3
376 566 3
376 568 3
376 572 3
376 575 3
376 576 3
376 582 3
376 591 3
376 596 3
376 597 5
376 606 3
376 619 3
376 620 3
376 623 3
376 629 3
376 631 3
376 632 3
376 635 3
376 636 3
376 651 3
376 655 3
376 663 5
376 665 3
376 674 3
376 684 3
376 686 3
376 692 3
376 693 3
376 694 3
376 696 3
376 699 3
376 702 3
376 703 3
376 707 4
376 708 3
376 709 3
376 715 5
376 716 3
376 720 3
376 722 3
376 723 3
376 724 3
376 729 3
376 731 3
376 732 3
376 734 3
376 739 3
376 742 3
376 747 3
376 755 3
376 756 5
376 762 4
376 768 3
376 775 3
376 778 3
376 780 3
376 787 3
376 792 3
376 793 3
376 796 3
376 806 3
376 807 3
376 845 3
376 866 3
376 875 3
376 896 4
376 918 3
376 921 3
376 924 3
376 926 3
376 928 3
376 930 3
376 939 3
376 942 5
376 951 3
376 959 3
376 961 3
376 969 3
376 972 4
376 977 3
376 979 4
377 4 4
377 8 5
377 9 4
377 23 4
377 50 4
377 52 4
377 54 4
377 56 5
377 62 4
377 63 5
377 64 4
377 69 4
377 79 5
377 82 5
377 83 4
377 88 4
377 89 4
377 90 4
377 93 4
377 96 4
377 98 5
377 100 5
377 116 4
377 124 5
377 127 4
377 131 4
377 133 4
377 135 4
377 137 5
377 141 4
377 152 4
377 153 4
377 157 5
377 158 4
377 161 4
377 163 4
377 168 4
377 172 5
377 173 4
377 174 4
377 176 5
377 177 4
377 178 4
377 179 4
377 183 5
377 186 5
377 187 4
377 188 4
377 191 3
377 192 4
377 193 4
377 194 4
377 195 5
377 196 4
377 199 4
377 200 4
377 202 4
377 203 4
377 204 4
377 205 4
377 208 4
377 210 5
377 211 4
377 216 4
377 219 4
377 227 4
377 230 4
377 233 4
377 238 4
377 239 4
377 251 4
377 257 4
377 270 4
377 284 4
377 285 5
377 294 4
377 300 5
377 306 5
377 310 5
377 331 5
377 339 4
377 357 5
377 372 4
377 381 4
377 383 4
377 385 4
377 391 5
377 393 5
377 395 4
377 398 4
377 402 4
377 405 5
377 414 4
377 417 4
377 419 5
377 427 4
377 428 4
377 434 4
377 436 4
377 443 4
377 447 4
377 448 4
377 451 4
377 452 4
377 461 4
377 480 4
377 502 4
377 511 5
377 514 4
377 516 5
377 517 4
377 520 4
377 522 4
377 523 4
377 527 5
377 528 4
377 529 4
377 530 4
377 554 5
377 559 4
377 563 4
377 566 5
377 568 4
377 575 4
377 576 4
377 603 5
377 616 4
377 622 4
377 631 4
377 636 4
377 637 4
377 644 4
377 649 4
377 651 4
377 654 4
377 655 4
377 659 4
377 674 4
377 684 5
377 686 4
377 701 4
377 704 4
377 705 4
377 710 4
377 712 4
377 729 4
377 732 4
377 735 5
377 746 4
377 842 4
377 855 4
378 1 4
378 9 3
378 12 3
378 22 3
378 28 3
378 31 3
378 38 3
378 58 3
378 59 3
378 60 3
378 61 3
378 62 3
378 69 3
378 71 3
378 81 3
378 95 4
378 98 4
378 100 3
378 109 3
378 114 3
378 118 3
378 121 3
378 132 3
378 134 3
378 135 3
378 139 3
378 152 3
378 154 3
378 161 3
378 163 3
378 168 3
378 170 3
378 172 3
378 176 3
378 177 3
378 181 3
378 182 3
378 183 3
378 185 3
378 186 3
378 190 3
378 194 3
378 197 3
378 204 3
378 208 3
378 213 3
378 215 3
378 217 3
378 222 3
378 228 3
378 229 3
378 238 3
378 241 3
378 258 3
378 265 3
378 270 3
378 286 3
378 300 3
378 313 3
378 315 3
378 340 3
378 356 3
378 357 3
378 382 3
378 414 3
378 416 3
378 419 3
378 423 3
378 425 3
378 427 3
378 428 3
378 433 3
378 435 3
378 443 3
378 449 3
378 462 3
378 463 3
378 465 3
378 474 3
378 479 3
378 483 3
378 496 3
378 502 3
378 506 3
378 512 3
378 515 4
378 518 3
378 521 3
378 527 3
378 530 3
378 554 3
378 561 3
378 566 3
378 573 3
378 587 3
378 614 3
378 630 3
378 631 3
378 651 3
378 654 3
378 663 3
378 664 3
378 665 3
378 670 3
378 684 3
378 699 3
378 708 3
378 709 3
378 712 3
378 729 3
378 732 3
378 736 3
378 744 3
378 750 3
378 751 3
378 753 3
378 770 3
378 856 3
378 923 3
378 956 3
378 959 3
379 1 3
379 13 3
379 14 3
379 15 3
379 16 3
379 20 3
379 30 3
379 49 3
379 50 3
379 59 3
379 77 3
379 83 3
379 89 3
379 94 3
379 97 3
379 99 4
379 100 4
379 102 3
379 129 3
379 132 2
379 133 4
379 134 3
379 135 3
379 139 3
379 150 3
379 151 3
379 175 3
379 178 3
379 191 3
379 212 3
379 214 3
379 216 2
379 217 3
379 228 3
379 259 3
379 276 3
379 281 3
379 283 3
379 294 3
379 303 4
379 304 4
379 318 3
379 344 3
379 378 3
379 403 3
379 418 3
379 432 3
379 443 4
379 462 3
379 473 4
379 479 3
379 485 3
379 487 3
379 493 3
379 495 3
379 498 3
379 501 3
379 509 3
379 512 3
379 514 2
379 526 3
379 529 3
379 566 3
379 582 3
379 607 3
379 631 3
379 634 3
379 640 3
379 647 3
379 652 4
379 656 3
379 657 3
379 660 3
379 673 3
379 682 3
379 693 3
379 694 3
379 705 3
379 724 3
379 742 4
379 771 3
379 778 3
379 847 3
379 887 3
379 898 4
379 914 3
379 934 3
379 995 3
380 7 4
380 9 3
380 25 2
380 56 3
380 100 3
380 122 3
380 127 3
380 134 3
380 135 3
380 137 3
380 171 3
380 180 2
380 183 2
380 197 3
380 258 3
380 276 3
380 290 3
380 332 3
380 334 3
380 357 2
380 474 3
380 475 3
380 482 3
380 504 4
380 507 3
380 511 2
380 546 3
380 717 3
381 9 4
381 14 5
381 19 4
381 58 5
381 81 4
381 86 4
381 89 4
381 100 5
381 132 4
381 134 4
381 137 4
381 182 4
381 193 4
381 197 4
381 203 5
381 205 4
381 223 5
381 237 5
381 238 5
381 268 4
381 272 4
381 285 4
381 302 5
381 313 5
381 315 5
381 319 5
381 357 5
381 425 4
381 427 4
381 435 4
381 464 4
381 474 4
381 475 4
381 478 4
381 479 5
381 480 4
381 483 5
381 484 5
381 504 4
381 505 4
381 513 4
381 639 4
381 641 4
381 654 4
381 657 4
381 663 4
382 289 4
382 302 4
382 313 4
382 316 4
382 327 4
382 329 4
382 333 4
382 343 4
382 748 4
383 4 2
383 8 3
383 12 3
383 18 2
383 24 2
383 29 2
383 32 2
383 37 2
383 46 2
383 47 2
383 48 2
383 50 3
383 53 3
383 56 3
383 58 3
383 59 1
383 61 2
383 79 1
383 81 2
383 82 2
383 87 2
383 89 2
383 93 2
383 98 2
383 99 2
383 111 4
383 114 3
383 122 2
383 127 3
383 128 2
383 129 2
383 131 2
383 133 3
383 134 2
383 136 2
383 143 2
383 144 3
383 145 2
383 151 3
383 152 2
383 153 2
383 156 3
383 160 2
383 168 2
383 169 3
383 171 2
383 172 3
383 173 3
383 174 2
383 175 2
383 177 2
383 180 1
383 181 3
383 183 3
383 185 3
383 186 1
383 187 2
383 189 2
383 191 2
383 192 2
383 194 2
383 195 2
383 199 2
383 200 3
383 207 2
383 208 2
383 209 2
383 211 2
383 216 1
383 217 2
383 218 2
383 219 3
383 221 2
383 224 2
383 235 2
383 236 2
383 238 2
383 249 2
383 250 2
383 253 2
383 254 2
383 256 2
383 257 4
383 262 2
383 273 2
383 276 2
383 283 2
383 285 3
383 286 3
383 290 2
383 293 2
383 304 3
383 305 2
383 318 1
383 320 2
383 325 3
383 337 2
383 340 3
383 346 3
383 347 3
383 367 3
383 383 3
383 384 2
383 385 2
383 403 2
383 405 3
383 408 2
383 417 2
383 419 3
383 423 2
383 425 2
383 427 2
383 428 2
383 429 2
383 430 2
383 433 2
383 435 2
383 443 3
383 444 2
383 447 3
383 451 2
383 455 2
383 458 2
383 461 2
383 462 2
383 473 2
383 474 2
383 479 3
383 480 2
383 483 2
383 484 3
383 485 2
383 486 2
383 487 2
383 489 2
383 492 2
383 496 4
383 502 3
383 503 2
383 506 2
383 508 3
383 511 2
383 512 1
383 521 2
383 523 2
383 524 2
383 525 3
383 529 2
383 557 2
383 603 3
383 604 3
383 606 2
383 616 2
383 629 2
383 631 2
383 650 2
383 652 3
383 653 2
383 654 2
383 657 2
383 658 2
383 659 2
383 661 2
383 664 3
383 673 3
383 674 2
383 675 2
383 705 2
383 719 2
383 727 3
383 732 2
383 739 2
383 745 2
383 794 2
383 811 2
383 851 2
383 855 2
383 865 2
383 871 2
383 896 3
383 900 2
383 919 2
383 922 2
383 940 2
383 942 3
383 945 2
383 959 2
383 961 2
383 965 2
384 24 4
384 273 4
384 281 3
384 323 5
384 405 4
384 455 3
384 515 5
384 546 4
384 597 5
384 825 3
385 2 4
385 4 3
385 7 3
385 8 4
385 10 3
385 11 3
385 13 3
385 20 3
385 22 3
385 23 3
385 24 3
385 27 3
385 31 4
385 32 3
385 33 3
385 39 5
385 46 3
385 47 3
385 48 3
385 50 5
385 52 3
385 55 3
385 56 4
385 58 4
385 61 3
385 62 3
385 64 3
385 68 3
385 69 4
385 71 3
385 76 3
385 79 5
385 81 3
385 82 3
385 83 3
385 89 3
385 91 3
385 92 3
385 93 3
385 96 3
385 97 3
385 98 3
385 99 3
385 101 3
385 102 3
385 107 3
385 113 3
385 114 3
385 116 3
385 117 3
385 121 5
385 123 3
385 127 4
385 129 3
385 133 3
385 135 4
385 136 3
385 144 3
385 147 5
385 151 4
385 156 4
385 161 3
385 168 3
385 169 3
385 176 3
385 180 3
385 181 4
385 183 3
385 184 3
385 186 5
385 187 3
385 189 3
385 190 3
385 192 3
385 193 3
385 194 3
385 195 3
385 196 3
385 197 3
385 198 3
385 199 3
385 200 5
385 201 3
385 202 3
385 203 3
385 205 3
385 206 3
385 208 3
385 209 3
385 211 3
385 215 3
385 217 3
385 218 3
385 219 4
385 222 5
385 223 4
385 224 3
385 226 4
385 227 3
385 228 3
385 229 3
385 230 3
385 231 3
385 238 3
385 246 3
385 248 3
385 250 3
385 258 5
385 265 3
385 268 4
385 273 4
385 277 3
385 288 5
385 289 5
385 293 3
385 294 5
385 295 3
385 298 3
385 317 3
385 318 4
385 319 5
385 320 3
385 321 3
385 325 5
385 333 5
385 357 5
385 380 3
385 381 3
385 385 3
385 393 4
385 403 3
385 410 3
385 414 3
385 418 3
385 423 5
385 428 3
385 429 3
385 430 3
385 431 3
385 432 3
385 434 3
385 435 3
385 436 5
385 441 3
385 444 3
385 446 3
385 447 5
385 448 3
385 455 3
385 458 3
385 461 3
385 463 3
385 470 3
385 473 3
385 474 3
385 475 3
385 477 3
385 488 3
385 496 4
385 501 3
385 508 4
385 511 5
385 514 3
385 520 4
385 526 4
385 528 3
385 532 3
385 547 3
385 549 3
385 558 3
385 559 3
385 561 4
385 564 3
385 566 3
385 569 3
385 578 3
385 580 3
385 582 3
385 583 3
385 593 3
385 603 5
385 619 3
385 625 3
385 642 3
385 650 3
385 651 3
385 659 3
385 672 3
385 674 3
385 678 3
385 679 3
385 684 3
385 692 3
385 693 3
385 697 3
385 732 3
385 735 3
385 737 3
385 742 5
385 744 3
385 746 3
385 768 3
385 769 4
385 772 3
385 773 3
385 774 4
385 789 3
385 790 3
385 806 3
385 844 3
385 845 3
385 854 3
385 919 3
385 943 3
385 952 3
385 969 3
385 972 4
385 984 3
386 1 5
386 5 5
386 56 5
386 100 4
386 111 4
386 147 5
386 184 4
386 237 4
386 259 4
386 300 5
386 301 4
386 302 4
386 307 4
386 310 5
386 313 4
386 315 5
386 323 4
386 326 4
386 333 4
386 508 3
386 569 4
386 596 4
386 628 5
386 678 4
386 680 4
386 682 4
386 690 3
386 742 5
386 769 4
386 816 4
386 845 4
386 871 4
387 4 3
387 8 5
387 23 4
387 25 3
387 28 3
387 29 3
387 38 5
387 40 3
387 42 3
387 47 3
387 50 1
387 53 5
387 56 4
387 59 5
387 64 3
387 65 5
387 71 4
387 72 3
387 77 5
387 79 3
387 80 3
387 81 3
387 82 4
387 88 3
387 90 3
387 94 3
387 95 3
387 98 3
387 99 4
387 100 4
387 105 3
387 109 5
387 111 3
387 118 3
387 124 3
387 127 3
387 131 3
387 132 3
387 136 3
387 142 3
387 151 4
387 152 3
387 153 3
387 154 3
387 159 3
387 160 3
387 167 3
387 168 3
387 172 5
387 173 4
387 174 3
387 176 3
387 178 3
387 179 3
387 181 4
387 185 5
387 186 3
387 191 3
387 194 3
387 197 3
387 202 3
387 204 4
387 205 3
387 208 3
387 210 4
387 211 3
387 216 3
387 217 3
387 234 3
387 238 3
387 249 3
387 275 5
387 283 3
387 285 5
387 300 4
387 301 3
387 378 3
387 383 3
387 384 3
387 393 5
387 395 3
387 396 3
387 401 4
387 402 3
387 404 3
387 407 3
387 410 3
387 411 3
387 414 3
387 416 3
387 420 3
387 423 5
387 427 3
387 428 3
387 429 3
387 435 3
387 451 3
387 454 3
387 467 3
387 471 5
387 474 3
387 475 5
387 477 3
387 478 3
387 479 3
387 480 3
387 481 4
387 483 3
387 484 3
387 490 3
387 491 3
387 492 3
387 493 3
387 496 4
387 497 3
387 498 4
387 499 3
387 501 3
387 503 3
387 504 3
387 506 3
387 507 4
387 509 3
387 510 3
387 514 3
387 517 3
387 518 3
387 519 3
387 520 4
387 525 3
387 526 4
387 527 4
387 531 4
387 550 3
387 558 3
387 568 3
387 583 3
387 584 3
387 588 3
387 591 3
387 602 3
387 604 3
387 605 3
387 607 3
387 610 3
387 612 3
387 613 3
387 616 3
387 630 3
387 631 3
387 642 3
387 649 3
387 656 3
387 657 3
387 661 3
387 662 3
387 674 3
387 693 3
387 699 3
387 700 3
387 705 3
387 712 3
387 715 4
387 731 3
387 732 3
387 736 3
387 739 3
387 756 1
387 785 3
387 792 3
387 820 3
387 824 3
387 835 3
387 836 3
387 845 3
387 847 3
387 923 4
387 926 4
387 942 4
387 945 3
387 954 3
387 955 3
387 965 3
387 997 3
388 9 4
388 100 4
388 126 5
388 283 4
388 289 4
388 302 4
388 319 4
388 328 4
388 329 4
388 331 5
388 515 4
388 713 4
388 742 5
388 845 4
388 989 4
388 990 4
389 8 4
389 9 4
389 12 5
389 15 4
389 26 4
389 47 4
389 48 4
389 56 4
389 58 4
389 59 4
389 60 4
389 61 4
389 64 4
389 69 4
389 71 4
389 76 4
389 89 4
389 97 4
389 100 4
389 132 5
389 134 4
389 148 4
389 168 4
389 173 4
389 182 5
389 188 4
389 191 3
389 195 5
389 197 4
389 200 4
389 203 4
389 204 4
389 205 5
389 213 5
389 215 4
389 222 4
389 234 5
389 237 4
389 258 5
389 264 4
389 276 4
389 282 5
389 286 4
389 288 4
389 294 5
389 300 5
389 318 4
389 328 4
389 334 5
389 357 5
389 421 4
389 458 4
389 460 4
389 462 4
389 471 4
389 474 4
389 479 5
389 480 4
389 482 4
389 483 4
389 490 4
389 491 4
389 497 4
389 498 4
389 504 5
389 508 4
389 510 5
389 527 5
389 530 4
389 544 4
389 546 4
389 603 5
389 604 5
389 628 4
389 659 4
389 661 4
389 678 4
389 748 4
389 772 4
389 774 5
389 924 4
389 963 4
390 8 4
390 23 3
390 50 3
390 58 5
390 59 4
390 98 3
390 99 3
390 129 5
390 134 3
390 165 5
390 166 3
390 169 4
390 170 3
390 172 4
390 173 1
390 178 3
390 179 3
390 180 5
390 181 4
390 189 3
390 191 1
390 197 3
390 199 3
390 200 5
390 209 5
390 244 3
390 246 3
390 248 3
390 249 3
390 250 3
390 255 3
390 257 4
390 258 5
390 268 3
390 270 5
390 271 2
390 272 3
390 276 3
390 286 3
390 288 4
390 289 4
390 293 3
390 294 4
390 297 3
390 298 4
390 300 4
390 302 4
390 303 3
390 304 4
390 312 3
390 313 3
390 319 5
390 323 4
390 324 3
390 325 5
390 333 4
390 344 3
390 345 3
390 463 3
390 482 3
390 488 5
390 491 3
390 492 3
390 493 3
390 511 5
390 515 5
390 534 3
390 538 5
390 615 5
390 632 3
390 650 3
390 663 5
390 705 3
390 813 5
390 847 3
390 872 3
390 873 4
390 880 3
391 2 4
391 3 3
391 4 3
391 5 3
391 7 4
391 11 3
391 12 4
391 15 3
391 17 3
391 21 3
391 22 3
391 24 4
391 25 4
391 26 3
391 27 3
391 28 4
391 29 3
391 31 3
391 36 3
391 38 4
391 40 3
391 41 3
391 42 3
391 48 3
391 49 3
391 50 4
391 51 3
391 54 3
391 55 3
391 56 4
391 58 4
391 62 3
391 64 3
391 65 4
391 67 3
391 68 3
391 69 4
391 70 4
391 71 3
391 72 3
391 78 3
391 79 3
391 81 3
391 83 3
391 85 3
391 86 3
391 87 3
391 88 3
391 89 3
391 90 3
391 94 3
391 95 3
391 99 3
391 100 4
391 105 3
391 108 3
391 109 3
391 110 3
391 111 3
391 117 4
391 118 3
391 122 3
391 123 3
391 126 4
391 128 3
391 132 4
391 135 4
391 136 3
391 138 3
391 139 3
391 142 3
391 144 4
391 147 3
391 148 3
391 153 4
391 154 3
391 161 3
391 168 3
391 169 3
391 172 4
391 173 4
391 181 4
391 184 3
391 186 3
391 189 3
391 191 4
391 194 4
391 196 3
391 202 3
391 203 3
391 204 3
391 206 3
391 215 3
391 222 4
391 227 3
391 228 3
391 233 3
391 239 3
391 240 3
391 241 3
391 243 4
391 245 4
391 252 3
391 255 3
391 257 3
391 258 3
391 265 3
391 270 4
391 271 4
391 273 4
391 274 3
391 275 4
391 278 3
391 280 3
391 281 3
391 283 3
391 290 3
391 291 4
391 294 3
391 298 4
391 303 4
391 313 4
391 316 4
391 317 3
391 318 4
391 321 3
391 323 3
391 328 4
391 333 3
391 338 3
391 342 3
391 344 3
391 347 3
391 349 3
391 354 3
391 355 3
391 356 4
391 357 4
391 362 3
391 363 3
391 364 3
391 365 3
391 366 3
391 369 3
391 373 3
391 374 3
391 376 3
391 377 3
391 378 3
391 380 3
391 385 3
391 386 3
391 391 4
391 393 4
391 394 3
391 396 3
391 402 3
391 403 3
391 404 3
391 409 4
391 410 3
391 412 3
391 415 3
391 417 3
391 418 3
391 419 4
391 420 3
391 421 3
391 431 3
391 443 4
391 456 3
391 459 3
391 463 3
391 465 3
391 470 3
391 471 4
391 472 3
391 473 3
391 476 3
391 477 3
391 480 3
391 494 3
391 496 4
391 497 3
391 501 3
391 527 3
391 538 4
391 539 3
391 540 4
391 544 3
391 546 4
391 550 3
391 552 3
391 553 3
391 554 4
391 559 3
391 561 4
391 566 4
391 568 3
391 569 3
391 571 3
391 576 3
391 578 4
391 588 3
391 591 3
391 596 3
391 597 4
391 620 3
391 622 3
391 623 3
391 628 3
391 630 3
391 633 3
391 636 3
391 644 3
391 651 3
391 655 3
391 659 3
391 672 3
391 681 3
391 683 3
391 685 4
391 686 3
391 687 4
391 690 4
391 692 3
391 696 4
391 705 3
391 710 3
391 715 4
391 717 3
391 721 3
391 722 3
391 725 3
391 728 3
391 731 3
391 737 3
391 739 3
391 742 3
391 747 3
391 751 4
391 755 3
391 756 4
391 763 4
391 771 3
391 775 3
391 778 4
391 779 3
391 780 3
391 781 3
391 783 3
391 789 3
391 792 3
391 794 3
391 797 3
391 802 3
391 805 3
391 808 3
391 810 3
391 812 3
391 815 3
391 821 3
391 824 3
391 825 3
391 826 3
391 831 3
391 836 3
391 840 4
391 841 3
391 842 3
391 843 3
391 845 3
391 870 3
391 871 3
391 876 4
391 879 3
391 890 3
391 905 3
391 922 3
391 924 3
391 926 3
391 929 3
391 930 3
391 932 3
391 939 3
391 940 3
391 944 3
391 949 3
391 951 3
391 953 3
391 964 3
391 977 3
391 996 3
391 997 3
391 999 3
391 1000 3
392 1 4
392 4 3
392 7 5
392 22 3
392 28 3
392 31 3
392 38 3
392 42 4
392 50 4
392 56 4
392 67 3
392 68 3
392 72 3
392 73 3
392 79 3
392 84 3
392 88 3
392 96 3
392 97 3
392 98 3
392 101 3
392 109 4
392 117 3
392 121 4
392 128 3
392 132 3
392 144 3
392 154 4
392 156 4
392 158 3
392 161 3
392 164 3
392 172 3
392 174 3
392 179 3
392 181 4
392 184 3
392 186 3
392 195 3
392 208 3
392 210 5
392 216 3
392 217 3
392 218 3
392 226 4
392 227 3
392 228 3
392 229 3
392 230 3
392 232 3
392 233 3
392 238 4
392 250 3
392 257 4
392 265 3
392 288 4
392 313 4
392 364 3
392 383 3
392 385 3
392 386 3
392 402 3
392 411 3
392 416 3
392 423 4
392 433 3
392 449 3
392 450 3
392 455 3
392 496 3
392 508 3
392 541 3
392 550 3
392 552 3
392 559 3
392 561 3
392 568 3
392 576 3
392 597 3
392 655 3
392 658 3
392 665 3
392 679 3
392 739 3
392 746 3
392 763 3
392 771 3
392 773 3
392 780 3
392 797 3
392 802 3
393 1 5
393 15 4
393 50 4
393 64 4
393 89 4
393 97 4
393 98 5
393 100 5
393 121 5
393 151 5
393 154 4
393 174 4
393 186 5
393 216 4
393 231 4
393 237 5
393 240 4
393 252 4
393 255 4
393 257 5
393 313 4
393 315 4
393 328 4
393 342 4
393 378 4
393 423 5
393 458 4
393 472 4
393 596 4
393 739 4
393 892 4
393 924 4
394 1 4
394 9 4
394 25 3
394 100 3
394 106 3
394 117 5
394 121 4
394 125 3
394 148 3
394 237 5
394 245 2
394 260 4
394 274 3
394 282 3
394 288 3
394 300 4
394 322 4
394 333 3
394 471 5
394 591 3
394 597 3
394 678 3
394 717 3
394 742 4
394 751 4
394 829 3
394 840 5
394 841 3
394 871 3
394 977 3
394 986 3
395 7 3
395 22 2
395 23 3
395 50 4
395 56 4
395 95 3
395 100 4
395 108 3
395 117 3
395 127 4
395 134 3
395 135 4
395 171 3
395 172 4
395 174 3
395 177 3
395 178 3
395 183 4
395 192 3
395 194 2
395 195 4
395 197 3
395 199 3
395 210 4
395 221 3
395 261 3
395 268 4
395 273 4
395 286 4
395 288 4
395 302 3
395 313 4
395 318 4
395 322 4
395 324 3
395 325 3
395 332 4
395 334 3
395 338 3
395 340 4
395 345 3
395 390 3
395 423 4
395 435 4
395 457 3
395 475 4
395 483 4
395 498 4
395 504 3
395 513 3
395 588 3
395 611 3
395 615 4
395 641 3
395 657 3
395 680 3
395 705 3
395 748 3
395 751 4
395 853 3
395 855 3
395 878 3
395 894 3
395 988 3
395 989 3
395 991 3
396 2 4
396 4 4
396 12 4
396 13 4
396 15 4
396 25 4
396 28 4
396 31 4
396 47 4
396 49 4
396 50 2
396 56 4
396 63 4
396 64 4
396 65 4
396 66 4
396 69 4
396 70 4
396 72 4
396 73 5
396 82 4
396 85 4
396 87 4
396 94 4
396 95 4
396 117 4
396 124 3
396 125 4
396 126 4
396 127 5
396 132 4
396 134 4
396 144 4
396 152 4
396 154 4
396 158 4
396 159 4
396 163 4
396 167 4
396 168 4
396 172 4
396 174 4
396 176 4
396 178 4
396 181 4
396 182 5
396 183 4
396 186 4
396 191 4
396 194 4
396 196 4
396 197 4
396 199 4
396 202 4
396 203 4
396 204 4
396 211 4
396 216 4
396 228 4
396 229 4
396 230 4
396 234 4
396 235 4
396 239 4
396 274 4
396 276 4
396 284 4
396 357 4
396 385 4
396 393 4
396 399 4
396 403 4
396 414 4
396 417 4
396 423 2
396 429 4
396 430 4
396 432 4
396 435 4
396 474 4
396 476 4
396 479 4
396 480 4
396 481 5
396 485 4
396 491 4
396 493 4
396 494 4
396 496 4
396 497 4
396 498 4
396 501 4
396 502 4
396 504 4
396 510 4
396 514 4
396 519 4
396 520 4
396 521 4
396 523 4
396 525 4
396 588 4
396 589 4
396 591 4
396 602 4
396 654 4
396 659 4
396 661 4
396 663 5
396 700 4
396 710 4
396 715 5
396 732 4
396 735 4
396 737 4
396 756 5
396 796 4
396 953 4
396 969 4
396 991 4
396 993 4
397 2 3
397 5 2
397 8 3
397 9 2
397 12 3
397 15 2
397 22 2
397 26 2
397 33 2
397 38 3
397 41 2
397 42 2
397 43 2
397 48 2
397 50 3
397 53 3
397 55 2
397 56 3
397 57 2
397 58 4
397 62 2
397 63 3
397 64 2
397 66 2
397 67 2
397 68 2
397 69 3
397 71 2
397 72 2
397 73 3
397 77 3
397 79 2
397 80 2
397 84 2
397 91 2
397 93 2
397 94 2
397 95 2
397 97 2
397 98 2
397 99 4
397 102 2
397 110 2
397 114 3
397 117 3
397 118 2
397 121 3
397 127 3
397 128 2
397 132 2
397 140 2
397 143 2
397 144 3
397 147 3
397 148 2
397 153 2
397 155 2
397 156 3
397 157 4
397 161 2
397 164 4
397 168 2
397 172 3
397 174 3
397 175 2
397 179 2
397 180 2
397 181 3
397 186 2
397 187 2
397 188 2
397 195 2
397 196 2
397 203 2
397 204 2
397 210 4
397 214 2
397 215 2
397 219 4
397 223 3
397 227 3
397 228 2
397 229 2
397 230 2
397 231 2
397 233 2
397 234 2
397 237 3
397 238 2
397 239 2
397 241 2
397 264 2
397 265 2
397 268 3
397 273 3
397 274 2
397 276 2
397 282 3
397 284 3
397 288 2
397 289 3
397 291 3
397 295 2
397 301 2
397 307 3
397 318 3
397 323 2
397 332 3
397 338 2
397 340 3
397 364 2
397 372 2
397 378 2
397 380 2
397 382 2
397 383 3
397 384 2
397 385 2
397 386 2
397 388 2
397 389 2
397 395 2
397 399 2
397 400 2
397 401 2
397 402 2
397 403 2
397 405 3
397 407 2
397 412 2
397 413 2
397 418 2
397 420 2
397 423 2
397 431 2
397 432 2
397 436 3
397 444 2
397 450 2
397 451 2
397 452 2
397 454 2
397 455 2
397 459 2
397 470 2
397 471 3
397 475 2
397 486 2
397 496 3
397 501 2
397 506 2
397 508 3
397 527 4
397 531 2
397 543 2
397 544 2
397 546 3
397 549 2
397 550 2
397 554 3
397 559 2
397 564 2
397 566 3
397 568 2
397 575 2
397 576 2
397 578 1
397 582 2
397 588 2
397 591 2
397 597 2
397 616 2
397 622 2
397 628 3
397 633 2
397 651 2
397 655 2
397 660 2
397 679 2
397 684 3
397 693 2
397 697 2
397 710 2
397 720 2
397 722 2
397 727 2
397 732 2
397 735 4
397 738 2
397 742 3
397 744 2
397 746 2
397 747 2
397 754 2
397 755 2
397 760 2
397 763 3
397 768 2
397 772 2
397 774 4
397 779 2
397 781 2
397 806 2
397 809 2
397 813 2
397 817 2
397 824 2
397 825 2
397 826 2
397 845 2
397 924 2
397 926 3
397 928 2
397 941 2
397 946 2
397 959 2
397 969 2
397 975 2
397 977 2
397 986 2
398 258 4
398 259 3
398 288 4
398 294 3
398 304 4
398 307 3
398 321 4
398 323 3
398 689 4
399 1 4
399 9 2
399 11 3
399 13 2
399 14 2
399 26 2
399 44 2
399 50 1
399 64 4
399 65 3
399 70 3
399 71 2
399 83 2
399 97 2
399 100 4
399 111 4
399 117 1
399 121 3
399 127 2
399 133 3
399 135 4
399 143 3
399 144 4
399 147 2
399 151 3
399 153 2
399 154 2
399 157 3
399 161 2
399 162 4
399 168 2
399 172 3
399 173 3
399 174 1
399 181 4
399 194 3
399 196 2
399 197 2
399 198 2
399 199 4
399 202 2
399 204 2
399 210 3
399 225 2
399 235 1
399 237 3
399 248 2
399 257 3
399 272 3
399 273 3
399 275 4
399 276 1
399 280 2
399 282 2
399 294 3
399 302 2
399 312 2
399 315 4
399 316 4
399 318 3
399 321 3
399 322 3
399 328 4
399 357 1
399 365 1
399 371 2
399 385 2
399 404 2
399 430 2
399 435 4
399 451 2
399 462 2
399 471 3
399 478 2
399 481 4
399 484 4
399 485 2
399 486 2
399 493 2
399 499 2
399 501 2
399 507 4
399 508 3
399 509 2
399 511 4
399 515 4
399 519 2
399 520 4
399 527 3
399 528 2
399 535 2
399 553 2
399 566 2
399 582 2
399 603 3
399 604 4
399 609 2
399 630 2
399 632 2
399 638 2
399 651 2
399 654 2
399 655 2
399 659 2
399 661 2
399 684 2
399 707 3
399 724 2
399 735 3
399 748 3
399 762 3
399 815 2
399 866 2
399 892 3
400 1 4
400 9 4
400 10 4
400 13 4
400 16 4
400 19 4
400 25 4
400 42 4
400 48 4
400 50 4
400 96 4
400 111 4
400 116 4
400 117 4
400 124 4
400 126 4
400 127 4
400 135 4
400 151 4
400 182 4
400 204 4
400 222 4
400 234 4
400 237 4
400 245 4
400 255 4
400 273 4
400 276 4
400 286 4
400 455 4
400 471 4
400 475 4
400 476 4
400 480 4
400 483 4
400 511 4
400 529 4
400 591 4
400 628 4
400 696 4
400 764 4
