201 1 5
201 111 4
201 283 5
201 291 4
201 305 4
201 361 5
201 475 5
201 740 3
202 259 3
202 288 4
202 294 2
202 682 2
202 876 2
202 880 2
202 887 3
202 895 2
202 948 1
203 7 4
203 9 4
203 111 4
203 118 4
203 121 4
203 123 4
203 127 4
203 129 5
203 148 4
203 181 4
203 222 4
203 235 4
203 240 4
203 258 4
203 274 4
203 276 3
203 284 4
203 291 3
203 370 3
203 410 3
203 471 4
203 472 4
203 477 3
203 515 4
203 546 4
203 597 3
203 748 4
203 845 4
203 864 4
203 866 4
203 925 4
203 928 3
204 22 5
204 66 4
204 243 3
204 245 3
204 258 5
204 259 4
204 269 4
204 270 5
204 289 4
204 294 4
204 300 5
204 302 5
204 307 4
204 310 5
204 313 5
204 323 4
204 327 4
204 328 5
204 332 4
204 333 4
204 342 3
204 343 4
204 348 4
204 689 3
204 690 5
204 748 3
204 754 5
204 879 4
204 892 4
204 901 2
205 2 2
205 5 2
205 8 3
205 11 3
205 12 4
205 22 3
205 23 3
205 28 3
205 29 1
205 30 2
205 31 3
205 32 3
205 33 3
205 37 1
205 38 2
205 39 3
205 41 1
205 42 3
205 43 2
205 45 3
205 47 3
205 48 3
205 49 2
205 50 3
205 51 2
205 52 3
205 53 3
205 55 3
205 56 3
205 57 4
205 58 3
205 60 2
205 61 3
205 62 2
205 63 2
205 64 4
205 66 2
205 67 2
205 68 2
205 70 2
205 71 3
205 72 3
205 73 2
205 75 3
205 76 2
205 77 2
205 78 1
205 80 2
205 81 3
205 82 2
205 83 3
205 85 2
205 87 3
205 88 3
205 90 2
205 91 2
205 92 3
205 94 3
205 96 3
205 97 3
205 98 3
205 101 2
205 102 1
205 127 3
205 132 3
205 135 3
205 139 1
205 141 3
205 142 1
205 143 2
205 149 2
205 161 3
205 168 3
205 169 3
205 171 3
205 172 3
205 173 3
205 175 3
205 178 3
205 179 3
205 180 3
205 183 3
205 184 2
205 185 3
205 186 3
205 188 3
205 189 3
205 190 3
205 192 3
205 193 3
205 195 3
205 197 3
205 198 3
205 199 3
205 200 3
205 201 2
205 202 3
205 204 3
205 206 3
205 207 3
205 208 3
205 210 3
205 211 3
205 212 2
205 214 3
205 215 3
205 216 3
205 217 2
205 218 2
205 219 1
205 226 2
205 227 2
205 228 3
205 229 2
205 230 2
205 231 2
205 232 2
205 233 3
205 234 3
205 239 3
205 265 3
205 288 2
205 302 3
205 308 3
205 317 3
205 318 4
205 347 3
205 350 3
205 351 1
205 356 2
205 361 3
205 364 1
205 365 3
205 366 1
205 367 3
205 371 2
205 374 3
205 376 1
205 377 1
205 379 2
205 383 1
205 384 2
205 386 2
205 387 2
205 388 2
205 391 2
205 393 3
205 395 1
205 396 2
205 397 3
205 399 2
205 400 3
205 402 3
205 403 3
205 404 3
205 414 3
205 415 2
205 416 3
205 417 2
205 419 2
205 420 3
205 421 3
205 422 3
205 423 3
205 426 3
205 427 3
205 430 3
205 431 2
205 432 3
205 433 3
205 434 3
205 437 1
205 438 3
205 439 1
205 440 1
205 441 1
205 442 1
205 444 4
205 446 1
205 447 3
205 448 2
205 449 3
205 450 1
205 451 3
205 452 2
205 453 1
205 461 2
205 462 3
205 463 3
205 464 4
205 465 2
205 467 3
205 469 2
205 470 2
205 480 3
205 482 3
205 501 3
205 504 3
205 509 3
205 510 3
205 511 3
205 514 3
205 515 3
205 516 3
205 517 2
205 518 3
205 519 3
205 520 4
205 521 3
205 522 3
205 523 3
205 524 3
205 525 3
205 526 3
205 527 3
205 528 3
205 529 3
205 530 3
205 536 3
205 537 2
205 540 1
205 541 2
205 543 1
205 545 1
205 548 3
205 549 3
205 551 1
205 552 2
205 553 2
205 554 2
205 555 2
205 556 2
205 557 3
205 558 2
205 559 2
205 560 1
205 561 2
205 562 2
205 563 1
205 564 1
205 565 2
205 566 3
205 567 1
205 568 3
205 569 2
205 570 3
205 573 3
205 574 2
205 575 1
205 577 2
205 578 2
205 579 2
205 580 3
205 581 3
205 583 2
205 584 2
205 585 3
205 586 1
205 588 3
205 592 2
205 593 3
205 606 3
205 622 3
205 623 1
205 624 2
205 625 2
205 626 3
205 627 2
205 639 3
205 642 2
205 643 2
205 644 3
205 645 2
205 647 3
205 648 3
205 649 3
205 650 3
205 651 3
205 652 3
205 653 2
205 654 3
205 655 3
205 656 3
205 659 3
205 661 3
205 662 3
205 664 2
205 666 2
205 667 2
205 669 1
205 670 3
205 671 2
205 673 3
205 674 2
205 675 3
205 679 3
205 684 3
205 692 2
205 694 3
205 695 2
205 697 2
205 699 3
205 700 1
205 702 2
205 707 3
205 708 3
205 710 2
205 712 3
205 714 3
205 715 3
205 716 3
205 719 1
205 720 1
205 721 2
205 722 2
205 723 3
205 726 1
205 727 2
205 728 2
205 729 2
205 731 2
205 732 3
205 734 2
205 736 3
205 739 2
205 745 5
205 746 3
205 747 3
205 753 3
205 755 3
205 759 2
205 761 2
205 765 2
205 768 2
205 769 3
205 770 2
205 771 1
205 772 1
205 773 1
205 774 1
205 775 2
205 776 2
205 777 3
205 778 3
205 779 3
205 780 1
205 782 3
205 783 2
205 784 1
205 785 2
205 786 2
205 787 3
205 788 1
205 789 3
205 790 3
205 791 3
205 793 3
205 794 2
205 795 2
205 796 3
205 798 3
205 802 2
205 807 1
205 808 2
205 810 2
205 812 1
205 816 2
205 842 2
205 843 3
205 849 1
205 851 5
205 853 3
205 854 1
205 855 3
205 858 1
205 859 1
205 860 1
205 861 3
205 904 2
205 921 4
205 939 2
205 941 1
205 943 2
205 944 1
205 946 2
205 947 2
205 949 2
205 951 2
205 953 3
205 955 3
205 956 3
205 957 2
205 959 3
205 960 3
205 964 3
205 969 2
205 971 3
205 994 3
205 996 3
205 997 1
205 999 3
206 1 4
206 3 4
206 4 4
206 5 4
206 7 4
206 8 4
206 10 4
206 11 3
206 12 5
206 13 4
206 14 4
206 15 4
206 20 4
206 22 4
206 24 3
206 25 3
206 28 4
206 32 4
206 39 4
206 40 4
206 42 4
206 47 4
206 48 4
206 50 5
206 52 4
206 53 4
206 58 4
206 63 4
206 64 5
206 69 4
206 71 4
206 72 4
206 79 4
206 85 4
206 86 4
206 87 4
206 89 4
206 92 5
206 93 4
206 96 4
206 99 4
206 115 4
206 117 3
206 121 4
206 123 4
206 125 3
206 127 4
206 129 3
206 131 4
206 132 4
206 133 4
206 134 4
206 135 4
206 136 4
206 143 3
206 148 3
206 151 4
206 152 4
206 153 4
206 156 4
206 158 4
206 164 4
206 168 4
206 170 4
206 172 4
206 173 4
206 174 4
206 175 4
206 179 4
206 181 4
206 182 4
206 183 4
206 186 4
206 187 4
206 188 4
206 190 5
206 191 4
206 194 4
206 195 4
206 196 4
206 198 4
206 199 4
206 202 3
206 203 4
206 204 4
206 206 4
206 209 4
206 211 4
206 212 3
206 213 4
206 215 4
206 218 4
206 219 2
206 220 2
206 222 3
206 228 4
206 234 4
206 235 2
206 237 4
206 238 5
206 239 5
206 240 3
206 274 3
206 275 4
206 276 4
206 277 3
206 284 3
206 289 3
206 317 4
206 318 4
206 357 4
206 368 4
206 381 4
206 396 4
206 404 4
206 405 3
206 410 3
206 411 3
206 414 4
206 418 3
206 419 3
206 420 4
206 421 4
206 427 4
206 428 5
206 429 4
206 430 4
206 431 4
206 434 4
206 435 4
206 436 4
206 443 4
206 447 4
206 451 4
206 452 5
206 453 4
206 461 3
206 463 4
206 468 3
206 469 2
206 474 4
206 476 2
206 478 4
206 479 4
206 481 4
206 482 4
206 485 4
206 487 4
206 490 4
206 496 4
206 498 4
206 499 4
206 501 4
206 503 3
206 504 4
206 505 4
206 508 4
206 509 4
206 511 5
206 514 4
206 515 4
206 517 4
206 519 5
206 520 5
206 523 4
206 524 4
206 526 4
206 527 4
206 528 4
206 529 4
206 543 2
206 559 4
206 561 2
206 573 5
206 575 3
206 582 4
206 588 4
206 589 4
206 591 4
206 596 4
206 605 3
206 606 4
206 607 4
206 608 4
206 610 4
206 611 3
206 612 4
206 624 4
206 632 4
206 633 4
206 634 4
206 638 4
206 639 4
206 640 3
206 641 5
206 642 3
206 645 4
206 647 4
206 651 4
206 652 4
206 655 4
206 662 4
206 663 4
206 664 4
206 665 3
206 672 3
206 675 4
206 692 3
206 693 3
206 699 4
206 701 3
206 705 4
206 712 4
206 713 4
206 715 5
206 727 4
206 732 4
206 735 4
206 737 4
206 745 5
206 746 5
206 747 4
206 756 2
206 769 5
206 772 3
206 787 5
206 813 3
206 823 5
206 825 4
206 826 1
206 831 5
206 845 4
206 919 4
206 923 4
206 942 4
206 945 3
206 960 4
206 962 1
207 1 4
207 2 3
207 8 4
207 25 3
207 28 3
207 29 2
207 40 2
207 45 4
207 50 4
207 56 4
207 62 3
207 68 3
207 69 4
207 70 3
207 72 3
207 82 3
207 88 3
207 89 4
207 91 3
207 96 4
207 97 3
207 98 4
207 99 4
207 100 4
207 118 3
207 123 3
207 127 4
207 132 4
207 135 4
207 143 3
207 144 3
207 147 3
207 157 3
207 158 3
207 159 3
207 161 3
207 163 3
207 172 4
207 173 4
207 174 4
207 177 4
207 179 4
207 180 4
207 181 4
207 182 4
207 183 4
207 185 4
207 186 4
207 188 3
207 193 4
207 196 4
207 197 4
207 200 3
207 201 3
207 202 3
207 203 3
207 205 3
207 208 4
207 209 4
207 211 4
207 214 3
207 215 4
207 216 3
207 217 3
207 218 4
207 222 3
207 223 4
207 226 3
207 227 3
207 228 3
207 229 3
207 230 3
207 231 2
207 232 3
207 235 2
207 238 4
207 239 3
207 244 3
207 248 3
207 249 4
207 250 3
207 255 3
207 257 3
207 258 4
207 265 4
207 269 3
207 274 3
207 286 3
207 289 2
207 290 3
207 291 3
207 313 4
207 315 3
207 316 4
207 345 3
207 357 4
207 371 3
207 382 3
207 385 3
207 393 3
207 399 3
207 400 4
207 403 3
207 405 3
207 416 4
207 418 3
207 423 4
207 427 4
207 428 4
207 432 3
207 433 3
207 436 4
207 447 3
207 448 3
207 449 3
207 455 3
207 466 3
207 476 2
207 478 4
207 479 4
207 483 4
207 484 4
207 493 4
207 496 4
207 502 4
207 508 3
207 510 4
207 514 4
207 521 3
207 525 4
207 559 3
207 561 2
207 565 2
207 603 3
207 616 4
207 629 3
207 635 1
207 642 3
207 648 4
207 655 4
207 656 3
207 657 4
207 660 4
207 675 3
207 684 3
207 705 4
207 710 3
207 712 3
207 715 3
207 729 3
207 732 3
207 746 4
207 755 3
207 756 2
207 785 3
207 844 1
207 859 1
207 869 2
207 879 2
207 949 3
207 969 3
207 972 3
207 993 3
208 258 4
208 270 4
208 271 3
208 286 4
208 288 3
208 294 3
208 300 4
208 312 3
208 313 4
208 319 3
208 324 4
208 358 3
208 539 3
208 683 2
208 689 3
209 6 4
209 8 4
209 9 4
209 14 4
209 22 4
209 23 4
209 28 4
209 30 4
209 48 4
209 50 5
209 58 4
209 59 5
209 60 4
209 65 4
209 87 4
209 89 4
209 97 4
209 98 4
209 99 4
209 100 4
209 133 4
209 135 4
209 154 4
209 156 4
209 162 4
209 166 4
209 170 4
209 172 4
209 173 4
209 175 4
209 179 4
209 181 4
209 186 4
209 187 4
209 191 4
209 192 4
209 195 4
209 197 4
209 199 4
209 200 4
209 201 3
209 202 4
209 203 4
209 204 4
209 205 3
209 207 4
209 209 4
209 210 4
209 213 4
209 214 3
209 216 4
209 223 5
209 264 3
209 266 2
209 270 4
209 275 4
209 276 4
209 283 4
209 285 5
209 286 4
209 288 4
209 300 4
209 303 4
209 318 5
209 321 4
209 322 3
209 325 3
209 327 3
209 339 3
209 343 2
209 357 4
209 367 4
209 381 4
209 382 4
209 404 4
209 427 4
209 428 5
209 429 4
209 430 4
209 433 4
209 435 4
209 461 4
209 474 4
209 478 4
209 479 4
209 480 4
209 481 4
209 482 4
209 483 5
209 484 4
209 485 4
209 486 4
209 489 4
209 491 4
209 493 5
209 496 4
209 497 4
209 498 4
209 504 4
209 505 4
209 514 4
209 516 4
209 518 4
209 520 4
209 523 4
209 526 4
209 527 4
209 528 4
209 530 4
209 604 4
209 606 4
209 607 4
209 608 4
209 609 3
209 615 4
209 618 3
209 631 4
209 633 4
209 647 4
209 654 4
209 659 4
209 661 4
209 664 4
209 676 3
209 680 3
209 684 4
209 708 4
209 709 4
209 714 5
209 733 5
209 749 5
209 855 4
209 877 2
209 879 3
209 937 5
209 945 5
209 965 4
209 995 4
210 286 2
210 289 2
210 300 3
210 312 3
210 313 3
210 315 2
210 316 3
210 328 3
210 340 3
210 347 2
210 354 3
210 538 1
210 690 3
210 748 2
210 754 3
210 873 1
210 882 2
210 886 3
210 905 2
211 1 4
211 4 3
211 9 4
211 22 4
211 28 4
211 50 4
211 56 4
211 58 4
211 73 3
211 88 4
211 117 4
211 161 3
211 168 4
211 172 4
211 181 4
211 182 4
211 186 4
211 195 4
211 196 4
211 208 4
211 209 4
211 210 4
211 222 3
211 227 3
211 228 4
211 229 3
211 230 3
211 265 4
211 304 4
211 405 3
211 435 4
211 449 3
211 451 3
211 485 4
211 566 4
211 568 4
211 651 4
211 655 4
211 709 3
211 720 3
211 732 3
211 770 3
212 4 4
212 7 4
212 23 5
212 24 4
212 28 5
212 56 5
212 64 5
212 81 4
212 92 4
212 96 5
212 114 5
212 117 4
212 135 5
212 150 5
212 154 4
212 172 5
212 173 5
212 175 4
212 182 5
212 186 5
212 193 5
212 202 4
212 206 4
212 211 5
212 218 4
212 318 5
212 340 4
212 357 5
212 408 5
212 436 4
212 480 5
212 487 5
212 526 4
212 634 2
212 651 5
212 684 4
212 724 4
213 7 4
213 9 4
213 14 4
213 50 5
213 124 5
213 147 4
213 181 4
213 222 4
213 236 4
213 245 4
213 250 4
213 255 4
213 257 4
213 258 5
213 260 3
213 270 5
213 275 4
213 286 4
213 297 4
213 300 4
213 301 4
213 302 5
213 303 4
213 306 4
213 326 4
213 328 4
213 332 4
213 471 4
213 508 4
213 628 4
213 690 4
213 877 3
214 258 4
214 260 3
214 264 4
214 294 4
214 300 4
214 301 4
214 310 4
214 325 3
214 343 3
214 346 5
214 678 3
214 748 3
215 56 5
215 154 5
215 195 5
215 243 2
215 269 4
215 322 3
215 323 3
215 328 3
215 479 5
215 480 5
215 531 4
215 748 3
216 1 4
216 2 4
216 7 4
216 8 4
216 9 4
216 10 4
216 11 4
216 12 5
216 13 4
216 14 4
216 21 2
216 22 5
216 24 4
216 25 3
216 27 3
216 28 4
216 29 3
216 31 4
216 32 4
216 36 2
216 38 3
216 41 3
216 42 4
216 43 3
216 44 4
216 49 4
216 50 5
216 51 4
216 53 3
216 54 4
216 56 4
216 58 4
216 64 5
216 65 4
216 66 4
216 67 3
216 69 4
216 70 4
216 71 4
216 73 4
216 77 4
216 81 4
216 82 4
216 83 4
216 85 4
216 86 3
216 87 4
216 88 4
216 90 3
216 92 4
216 93 4
216 94 4
216 97 4
216 98 5
216 105 2
216 106 3
216 107 3
216 117 4
216 121 4
216 123 4
216 125 4
216 126 4
216 127 5
216 132 4
216 133 4
216 134 4
216 136 4
216 137 5
216 140 3
216 142 3
216 143 4
216 144 4
216 148 4
216 154 5
216 155 3
216 156 4
216 157 4
216 158 3
216 159 4
216 168 5
216 172 5
216 174 5
216 176 5
216 178 4
216 181 5
216 182 4
216 183 5
216 185 5
216 187 5
216 191 4
216 194 5
216 195 5
216 196 4
216 197 4
216 199 5
216 200 4
216 202 4
216 203 4
216 204 4
216 209 4
216 210 5
216 211 4
216 213 3
216 215 4
216 216 4
216 217 4
216 219 3
216 220 2
216 225 3
216 226 4
216 230 4
216 234 4
216 237 4
216 238 4
216 239 4
216 240 3
216 241 4
216 242 5
216 245 3
216 246 4
216 249 4
216 250 4
216 251 4
216 252 4
216 253 4
216 254 2
216 257 4
216 258 5
216 259 2
216 264 4
216 266 3
216 268 4
216 272 4
216 274 4
216 275 5
216 276 4
216 277 4
216 281 3
216 283 4
216 284 3
216 285 5
216 286 4
216 287 4
216 288 4
216 289 4
216 294 3
216 295 4
216 297 3
216 298 4
216 301 4
216 304 4
216 307 4
216 312 4
216 313 5
216 315 4
216 316 5
216 317 4
216 318 5
216 319 3
216 322 4
216 323 3
216 326 4
216 327 4
216 328 4
216 329 3
216 331 4
216 332 4
216 333 4
216 338 3
216 339 3
216 346 4
216 347 4
216 348 2
216 354 4
216 356 4
216 357 4
216 364 4
216 366 4
216 367 4
216 369 2
216 375 4
216 378 4
216 385 4
216 388 5
216 393 4
216 395 3
216 396 4
216 399 4
216 401 3
216 402 4
216 403 4
216 404 4
216 405 4
216 411 3
216 412 3
216 416 4
216 417 3
216 418 4
216 419 4
216 423 4
216 425 4
216 427 5
216 431 4
216 432 4
216 433 4
216 443 4
216 448 3
216 451 4
216 452 4
216 462 4
216 463 5
216 468 3
216 469 4
216 471 4
216 472 3
216 473 4
216 475 4
216 476 3
216 479 4
216 480 4
216 496 4
216 498 4
216 500 4
216 501 4
216 506 4
216 509 4
216 515 5
216 526 4
216 531 5
216 532 5
216 538 3
216 546 3
216 549 4
216 553 4
216 554 3
216 559 3
216 560 3
216 564 2
216 568 4
216 576 3
216 578 4
216 585 4
216 588 4
216 591 4
216 592 4
216 607 3
216 614 4
216 619 4
216 625 4
216 627 4
216 628 4
216 633 4
216 651 5
216 652 4
216 657 5
216 658 4
216 660 4
216 662 4
216 676 3
216 678 3
216 682 3
216 684 4
216 685 4
216 686 4
216 689 4
216 690 3
216 692 4
216 693 4
216 696 4
216 699 4
216 707 3
216 708 3
216 710 4
216 712 4
216 713 5
216 717 3
216 720 3
216 721 3
216 723 3
216 724 4
216 729 3
216 734 3
216 735 5
216 737 3
216 738 3
216 739 4
216 746 4
216 747 4
216 748 4
216 750 5
216 754 4
216 755 4
216 761 2
216 762 4
216 763 4
216 768 3
216 770 4
216 775 3
216 778 5
216 781 4
216 783 3
216 785 3
216 790 4
216 792 4
216 794 3
216 795 2
216 803 4
216 807 1
216 812 1
216 815 3
216 819 2
216 821 3
216 824 3
216 833 3
216 834 2
216 840 3
216 842 2
216 843 5
216 845 4
216 849 3
216 864 2
216 865 5
216 866 4
216 873 1
216 874 5
216 879 4
216 895 3
216 915 5
216 916 4
216 917 4
216 918 3
216 928 4
216 929 4
216 930 3
216 931 2
216 934 3
216 936 4
216 937 4
216 938 4
216 941 3
216 955 4
216 959 4
216 966 4
216 972 4
216 975 4
216 980 4
216 985 5
216 990 3
216 997 3
217 1 4
217 3 3
217 5 3
217 7 4
217 11 4
217 12 4
217 13 3
217 15 3
217 16 4
217 17 3
217 20 4
217 23 4
217 24 3
217 27 3
217 29 2
217 32 3
217 39 3
217 42 4
217 44 4
217 47 3
217 50 4
217 51 3
217 55 3
217 56 4
217 58 3
217 62 3
217 63 3
217 64 4
217 65 3
217 67 3
217 68 3
217 69 4
217 70 3
217 72 3
217 73 3
217 77 3
217 78 3
217 79 4
217 80 2
217 81 3
217 82 3
217 83 3
217 89 4
217 91 3
217 95 4
217 96 4
217 97 3
217 98 4
217 99 4
217 100 4
217 101 3
217 106 3
217 109 3
217 118 3
217 120 2
217 123 3
217 125 3
217 127 4
217 131 3
217 132 4
217 135 4
217 139 3
217 142 2
217 144 4
217 145 1
217 147 4
217 154 4
217 157 3
217 159 3
217 162 3
217 164 4
217 167 3
217 169 4
217 171 3
217 172 4
217 173 4
217 174 4
217 176 4
217 178 4
217 179 4
217 181 4
217 183 4
217 184 3
217 186 4
217 190 4
217 195 4
217 196 4
217 198 4
217 200 4
217 201 3
217 202 3
217 206 3
217 207 4
217 208 4
217 211 4
217 214 4
217 216 3
217 217 3
217 218 3
217 219 3
217 222 4
217 223 4
217 226 3
217 228 3
217 232 2
217 234 4
217 235 3
217 242 5
217 245 2
217 246 4
217 248 3
217 250 3
217 255 4
217 257 4
217 258 4
217 260 2
217 264 3
217 265 4
217 270 3
217 273 3
217 286 4
217 288 3
217 290 3
217 293 3
217 294 3
217 298 3
217 323 3
217 324 2
217 325 3
217 326 4
217 340 3
217 357 4
217 358 3
217 364 2
217 367 3
217 373 3
217 380 3
217 382 4
217 384 3
217 385 3
217 386 3
217 388 4
217 391 3
217 392 3
217 393 4
217 395 3
217 396 3
217 399 3
217 402 3
217 403 3
217 404 3
217 413 2
217 419 3
217 420 4
217 422 4
217 423 4
217 425 3
217 428 4
217 431 3
217 433 3
217 436 3
217 441 3
217 444 3
217 447 4
217 449 4
217 451 3
217 452 3
217 461 3
217 465 3
217 472 2
217 474 4
217 475 3
217 483 4
217 484 4
217 485 3
217 498 4
217 501 3
217 508 3
217 513 3
217 518 4
217 541 2
217 544 2
217 545 1
217 546 3
217 550 3
217 551 1
217 552 3
217 555 3
217 559 3
217 561 2
217 562 3
217 563 2
217 574 3
217 578 3
217 579 3
217 582 4
217 588 4
217 596 3
217 597 3
217 614 4
217 616 3
217 625 3
217 628 3
217 631 3
217 636 3
217 638 3
217 640 3
217 642 3
217 655 4
217 658 3
217 665 2
217 668 2
217 669 2
217 674 3
217 679 3
217 684 3
217 685 3
217 692 3
217 708 3
217 709 4
217 710 2
217 715 3
217 723 2
217 725 2
217 727 4
217 728 3
217 732 3
217 742 4
217 746 4
217 747 4
217 748 3
217 758 1
217 762 3
217 764 2
217 765 3
217 767 2
217 769 4
217 774 1
217 778 4
217 781 3
217 783 3
217 792 3
217 796 3
217 797 3
217 800 2
217 804 2
217 809 3
217 810 2
217 815 3
217 825 3
217 827 2
217 831 2
217 849 2
217 855 4
217 871 2
217 895 3
217 923 4
217 928 3
217 940 2
217 943 2
217 944 2
217 946 3
217 963 4
217 979 4
217 999 3
217 1000 3
218 269 4
218 302 4
218 304 4
218 315 4
218 328 4
218 331 4
218 333 4
218 344 3
218 346 5
218 362 3
218 750 5
218 895 4
218 899 4
219 14 5
219 79 5
219 89 5
219 100 5
219 134 5
219 173 5
219 181 5
219 223 5
219 257 4
219 275 5
219 286 5
219 306 4
219 405 4
219 478 5
219 488 5
219 514 5
220 19 4
220 86 4
220 100 5
220 116 5
220 137 5
220 251 5
220 275 5
220 301 4
220 302 5
220 319 4
220 331 4
220 408 5
220 478 5
220 484 5
220 508 4
220 513 5
220 603 5
220 750 5
220 753 4
221 4 5
221 7 5
221 11 5
221 12 5
221 50 5
221 56 5
221 82 5
221 87 5
221 96 5
221 100 5
221 117 5
221 124 5
221 127 5
221 129 5
221 144 5
221 156 5
221 164 5
221 174 5
221 175 5
221 176 5
221 182 5
221 183 5
221 185 5
221 187 5
221 194 5
221 200 5
221 213 5
221 218 5
221 234 5
221 238 5
221 302 5
221 333 4
221 443 5
221 448 4
221 466 5
221 516 5
221 517 4
221 603 5
221 653 5
221 657 5
221 672 4
221 709 5
221 879 4
221 914 3
221 915 5
222 1 3
222 5 2
222 15 3
222 50 4
222 53 2
222 93 2
222 98 4
222 100 4
222 109 3
222 117 3
222 124 3
222 126 4
222 127 4
222 129 3
222 137 4
222 151 3
222 181 4
222 184 3
222 200 3
222 201 2
222 217 2
222 219 3
222 222 3
222 235 2
222 250 3
222 257 3
222 258 3
222 260 2
222 270 3
222 275 2
222 276 3
222 286 3
222 287 3
222 288 3
222 293 3
222 294 2
222 299 2
222 307 2
222 324 2
222 325 3
222 326 3
222 327 3
222 334 1
222 358 2
222 370 1
222 379 2
222 396 2
222 410 2
222 436 3
222 447 4
222 448 3
222 452 2
222 458 3
222 475 3
222 477 2
222 515 3
222 551 1
222 558 2
222 559 2
222 561 1
222 590 1
222 665 2
222 670 3
222 671 5
222 672 3
222 682 2
222 919 3
222 922 1
222 926 2
223 15 4
223 127 4
223 148 3
223 237 4
223 245 3
223 258 4
223 269 4
223 272 4
223 276 3
223 282 4
223 286 4
223 299 5
223 300 4
223 302 4
223 304 3
223 307 2
223 310 4
223 313 5
223 315 4
223 322 3
223 323 3
223 326 3
223 327 4
223 328 3
223 329 3
223 333 3
223 340 3
223 344 4
223 347 4
223 348 4
223 355 4
223 471 4
223 546 3
223 591 4
223 628 4
223 678 2
223 689 4
223 690 4
223 696 3
223 744 4
223 748 2
223 751 3
223 754 5
223 823 3
223 879 4
223 898 2
224 1 4
224 9 5
224 15 4
224 25 4
224 50 5
224 115 4
224 127 5
224 151 4
224 172 5
224 243 3
224 261 2
224 275 4
224 288 4
224 294 3
224 310 4
224 323 3
224 333 3
224 427 5
224 435 5
224 508 4
224 538 4
224 689 4
224 740 3
224 882 4
224 989 3
225 1 3
225 2 2
225 7 3
225 17 2
225 22 4
225 24 3
225 32 2
225 39 3
225 53 2
225 55 3
225 56 4
225 62 3
225 68 2
225 79 3
225 82 3
225 83 3
225 98 4
225 100 4
225 117 3
225 118 3
225 121 3
225 124 4
225 127 4
225 144 3
225 145 1
225 147 3
225 156 3
225 171 3
225 172 3
225 174 4
225 176 3
225 177 3
225 178 3
225 180 3
225 183 4
225 185 3
225 187 4
225 188 3
225 191 4
225 195 4
225 198 4
225 200 3
225 201 2
225 204 3
225 207 4
225 209 3
225 210 3
225 218 3
225 219 2
225 222 3
225 227 2
225 229 2
225 230 3
225 231 2
225 232 2
225 234 3
225 241 3
225 244 2
225 252 2
225 257 3
225 259 2
225 271 2
225 272 4
225 273 3
225 281 3
225 286 3
225 288 3
225 289 2
225 298 2
225 302 3
225 305 3
225 307 4
225 310 3
225 313 4
225 316 4
225 318 4
225 322 2
225 323 2
225 324 2
225 325 3
225 327 3
225 333 3
225 338 2
225 340 3
225 343 3
225 346 4
225 355 2
225 357 4
225 358 3
225 362 3
225 363 3
225 379 2
225 385 3
225 398 2
225 424 1
225 429 3
225 445 3
225 447 3
225 448 2
225 452 2
225 474 4
225 475 3
225 491 3
225 515 3
225 520 4
225 522 3
225 529 3
225 538 2
225 550 3
225 562 3
225 566 3
225 573 2
225 576 2
225 583 2
225 590 1
225 597 2
225 636 3
225 669 1
225 670 3
225 675 3
225 678 2
225 679 3
225 686 4
225 689 3
225 690 3
225 748 2
225 750 4
225 751 3
225 759 2
225 823 3
225 825 3
225 831 2
225 841 2
225 853 3
225 877 1
225 879 3
225 895 2
225 912 2
225 943 3
225 976 1
226 23 3
226 50 3
226 98 3
226 99 3
226 132 3
226 133 3
226 134 3
226 135 3
226 168 3
226 174 3
226 178 3
226 182 3
226 185 3
226 191 3
226 194 3
226 196 3
226 197 3
226 199 3
226 200 2
226 208 3
226 211 3
226 318 3
226 332 2
226 418 2
226 428 3
226 429 3
226 430 3
226 435 3
226 474 3
226 478 3
226 480 3
226 483 3
226 486 3
226 488 3
226 490 3
226 491 3
226 492 3
226 493 3
226 494 3
226 504 3
226 505 3
226 510 3
226 511 3
226 524 2
226 525 3
226 526 3
226 601 3
226 603 3
226 605 2
226 606 3
226 608 3
226 610 2
226 613 3
226 614 3
226 616 2
226 631 2
226 633 3
226 646 3
226 648 3
226 651 3
226 653 2
226 654 3
226 655 3
226 657 3
226 673 3
226 705 3
226 754 2
226 835 2
226 836 2
226 848 3
227 245 4
227 263 4
227 292 5
227 300 4
227 302 4
227 303 4
227 304 4
227 328 4
227 359 3
227 680 4
227 681 5
227 682 4
227 688 3
227 874 4
227 937 4
227 938 3
227 989 5
227 990 4
228 243 3
228 259 3
228 272 5
228 286 4
228 289 4
228 294 4
228 300 4
228 301 4
228 305 5
228 307 4
228 312 4
228 316 5
228 322 4
228 323 4
228 326 4
228 329 4
228 331 4
228 332 4
228 334 4
228 338 3
228 340 4
228 343 4
228 344 5
228 347 4
228 350 4
228 690 4
228 750 5
228 875 4
228 877 3
228 879 4
228 886 5
228 896 5
228 988 1
229 1 4
229 2 3
229 3 3
229 4 4
229 7 4
229 8 4
229 12 4
229 15 4
229 21 2
229 22 4
229 23 4
229 24 3
229 26 4
229 28 4
229 31 4
229 32 3
229 45 4
229 48 4
229 50 4
229 52 4
229 53 3
229 55 4
229 56 4
229 58 4
229 62 3
229 63 3
229 64 5
229 66 3
229 68 3
229 69 3
229 70 3
229 72 3
229 73 3
229 77 3
229 79 4
229 81 4
229 82 3
229 83 4
229 85 3
229 86 4
229 87 4
229 88 3
229 89 4
229 90 2
229 91 3
229 92 3
229 93 4
229 95 3
229 96 4
229 97 4
229 101 3
229 109 3
229 114 4
229 117 3
229 118 3
229 123 3
229 124 4
229 127 4
229 128 3
229 132 4
229 133 4
229 134 4
229 137 4
229 140 2
229 141 4
229 143 3
229 144 3
229 150 4
229 151 3
229 154 4
229 157 4
229 159 3
229 161 3
229 162 3
229 163 3
229 164 3
229 165 4
229 166 4
229 168 4
229 170 4
229 172 4
229 174 4
229 178 4
229 179 4
229 181 4
229 183 4
229 184 4
229 185 4
229 186 4
229 188 3
229 190 4
229 191 4
229 193 4
229 195 4
229 197 4
229 201 2
229 202 3
229 203 4
229 207 3
229 208 4
229 209 4
229 210 4
229 211 4
229 214 3
229 216 3
229 218 4
229 219 2
229 223 4
229 225 2
229 229 3
229 232 3
229 233 3
229 237 4
229 238 4
229 248 3
229 249 3
229 250 4
229 258 4
229 264 3
229 265 4
229 273 3
229 274 3
229 275 4
229 276 4
229 277 3
229 280 4
229 281 3
229 282 4
229 283 3
229 288 3
229 290 3
229 291 3
229 298 3
229 301 3
229 318 4
229 319 3
229 321 3
229 338 1
229 340 3
229 356 3
229 365 1
229 366 4
229 367 3
229 371 3
229 378 3
229 382 3
229 385 3
229 387 3
229 392 3
229 393 3
229 403 3
229 404 3
229 405 2
229 410 3
229 411 3
229 415 1
229 418 3
229 419 3
229 423 4
229 427 4
229 428 4
229 430 3
229 431 3
229 432 4
229 435 4
229 436 4
229 441 1
229 448 2
229 455 3
229 457 1
229 464 4
229 466 4
229 467 4
229 468 3
229 470 3
229 473 3
229 475 4
229 480 4
229 481 4
229 482 4
229 483 4
229 484 4
229 485 4
229 491 4
229 493 5
229 495 3
229 496 4
229 499 4
229 500 4
229 502 4
229 504 4
229 505 3
229 508 3
229 511 4
229 514 4
229 520 4
229 527 4
229 531 4
229 535 3
229 537 2
229 546 3
229 549 3
229 550 3
229 559 3
229 566 4
229 568 3
229 569 2
229 570 3
229 578 3
229 581 3
229 584 3
229 591 3
229 602 4
229 603 4
229 611 3
229 625 3
229 627 3
229 628 3
229 629 3
229 631 3
229 633 4
229 635 1
229 636 3
229 640 3
229 642 3
229 652 3
229 654 4
229 655 4
229 658 4
229 662 3
229 665 2
229 671 4
229 672 2
229 673 3
229 679 3
229 684 4
229 686 4
229 692 3
229 693 4
229 700 2
229 702 3
229 705 4
229 708 3
229 709 4
229 710 2
229 726 3
229 729 4
229 732 3
229 735 4
229 742 3
229 744 3
229 747 3
229 755 3
229 756 3
229 761 3
229 762 3
229 763 3
229 768 3
229 780 2
229 794 3
229 804 2
229 805 3
229 820 2
229 826 2
229 833 3
229 845 3
229 847 4
229 921 3
229 941 3
229 944 3
229 961 4
229 967 4
229 972 3
230 9 3
230 10 3
230 12 4
230 19 3
230 42 3
230 50 4
230 56 4
230 98 4
230 100 4
230 101 3
230 117 3
230 124 4
230 129 3
230 137 4
230 148 2
230 152 3
230 165 4
230 181 4
230 221 3
230 222 3
230 237 3
230 248 3
230 253 5
230 258 4
230 264 3
230 273 3
230 276 3
230 286 3
230 288 3
230 293 3
230 294 2
230 318 4
230 328 3
230 462 3
230 514 3
230 515 3
230 527 4
230 528 4
230 547 2
230 628 3
230 656 4
230 674 2
230 744 3
231 245 3
231 286 3
231 302 4
231 322 3
231 323 3
231 327 3
231 358 3
231 689 3
231 748 3
231 879 3
231 988 2
232 1 3
232 3 2
232 7 3
232 50 3
232 93 2
232 100 3
232 108 3
232 109 2
232 111 3
232 117 3
232 118 2
232 121 3
232 123 3
232 150 3
232 151 2
232 181 3
232 222 3
232 237 3
232 248 3
232 249 3
232 250 2
232 257 3
232 258 3
232 284 2
232 294 2
232 300 3
232 315 3
232 322 2
232 405 2
232 410 2
232 411 2
232 471 3
232 508 3
232 546 2
232 620 2
232 628 3
232 678 2
232 742 3
232 763 2
232 815 2
232 844 1
232 845 3
232 864 1
232 871 2
233 50 3
233 59 3
233 60 3
233 95 3
233 173 3
233 174 3
233 246 3
233 268 3
233 269 2
233 273 2
233 276 2
233 293 3
233 294 2
233 302 3
233 323 2
233 325 2
233 326 2
233 333 2
233 358 2
233 435 3
233 474 3
233 507 2
233 657 3
233 682 2
233 690 2
233 748 2
233 754 2
233 919 3
234 7 5
234 9 5
234 111 4
234 125 5
234 147 4
234 148 4
234 220 4
234 225 4
234 237 5
234 274 5
234 275 4
234 283 5
234 288 5
234 347 5
234 406 3
234 471 5
234 476 4
234 477 4
234 546 4
234 628 5
234 743 3
234 756 4
234 763 5
234 815 4
234 819 4
234 833 4
234 928 4
234 975 4
235 1 4
235 3 3
235 4 4
235 5 4
235 7 4
235 9 4
235 11 4
235 12 4
235 15 4
235 21 3
235 22 5
235 23 4
235 24 3
235 25 3
235 27 3
235 28 4
235 29 3
235 31 3
235 38 3
235 40 3
235 42 4
235 45 3
235 49 3
235 50 5
235 52 4
235 54 3
235 62 4
235 63 3
235 64 5
235 67 3
235 68 3
235 69 4
235 71 4
235 72 4
235 73 4
235 80 4
235 81 4
235 82 3
235 83 4
235 85 4
235 86 3
235 89 4
235 90 3
235 96 4
235 100 4
235 105 3
235 108 2
235 109 3
235 111 4
235 115 4
235 117 4
235 118 3
235 121 4
235 122 2
235 123 3
235 125 4
235 128 3
235 132 4
235 135 4
235 136 4
235 141 4
235 148 3
235 151 4
235 152 3
235 153 4
235 154 4
235 156 3
235 157 4
235 159 4
235 160 3
235 161 3
235 162 4
235 163 4
235 164 4
235 167 4
235 168 4
235 171 4
235 172 4
235 173 4
235 174 5
235 175 4
235 176 4
235 182 4
235 183 4
235 184 4
235 185 4
235 186 4
235 187 4
235 188 3
235 190 4
235 191 4
235 195 4
235 196 4
235 199 4
235 200 4
235 204 4
235 206 2
235 211 4
235 214 4
235 215 4
235 216 4
235 217 3
235 218 4
235 219 3
235 222 4
235 225 3
235 226 4
235 227 3
235 228 4
235 229 3
235 230 3
235 234 4
235 239 4
235 240 2
235 245 3
235 246 4
235 250 4
235 252 4
235 254 1
235 255 2
235 257 4
235 258 4
235 260 2
235 264 4
235 273 3
235 284 2
235 290 3
235 291 3
235 294 3
235 299 3
235 300 4
235 307 4
235 313 4
235 317 4
235 318 4
235 321 3
235 327 3
235 331 3
235 338 2
235 343 2
235 351 2
235 354 3
235 358 3
235 367 4
235 369 3
235 376 3
235 380 4
235 381 4
235 382 3
235 384 3
235 385 4
235 386 3
235 392 4
235 393 4
235 394 3
235 399 4
235 402 4
235 403 4
235 404 4
235 410 3
235 411 3
235 413 2
235 423 4
235 424 2
235 431 4
235 433 4
235 434 4
235 435 4
235 436 4
235 443 4
235 447 4
235 448 3
235 451 4
235 455 4
235 462 3
235 465 3
235 470 3
235 473 4
235 476 3
235 520 4
235 541 3
235 542 3
235 546 3
235 550 5
235 554 3
235 561 3
235 562 4
235 566 4
235 567 1
235 568 4
235 569 2
235 571 3
235 572 3
235 573 3
235 576 3
235 577 3
235 584 3
235 587 4
235 588 4
235 597 3
235 616 4
235 625 3
235 628 4
235 631 3
235 637 4
235 640 3
235 649 4
235 652 3
235 655 4
235 659 4
235 665 3
235 672 3
235 673 4
235 674 3
235 675 4
235 679 3
235 684 3
235 693 3
235 696 4
235 697 3
235 710 3
235 713 4
235 715 3
235 717 3
235 720 3
235 729 3
235 732 4
235 743 2
235 746 3
235 748 3
235 751 4
235 752 2
235 756 3
235 760 2
235 762 4
235 780 2
235 781 3
235 786 4
235 790 3
235 792 4
235 797 4
235 800 3
235 820 3
235 821 3
235 825 4
235 826 2
235 831 3
235 834 2
235 841 2
235 845 4
235 862 2
235 890 3
235 895 3
235 924 2
235 926 3
235 928 4
235 929 3
235 943 4
235 944 2
235 961 4
235 977 2
235 983 4
236 21 3
236 23 4
236 26 4
236 38 3
236 39 4
236 43 2
236 47 4
236 65 4
236 66 4
236 72 4
236 73 4
236 83 4
236 90 3
236 92 4
236 95 4
236 96 4
236 98 5
236 102 3
236 111 4
236 125 4
236 127 5
236 132 4
236 133 4
236 157 4
236 159 4
236 161 4
236 168 4
236 172 4
236 174 5
236 179 4
236 182 4
236 186 4
236 200 4
236 204 4
236 215 4
236 216 4
236 217 3
236 218 4
236 226 4
236 238 4
236 265 4
236 276 4
236 287 4
236 288 4
236 325 4
236 327 4
236 340 3
236 347 4
236 367 4
236 381 4
236 392 4
236 400 1
236 411 3
236 433 5
236 441 2
236 447 4
236 454 2
236 503 4
236 504 4
236 506 4
236 537 4
236 546 3
236 553 3
236 559 3
236 568 4
236 581 4
236 585 4
236 595 3
236 628 4
236 642 4
236 649 4
236 655 4
236 658 4
236 708 3
236 710 3
236 715 4
236 723 5
236 739 4
236 742 4
236 746 4
236 748 3
236 761 4
236 762 4
236 763 3
236 785 3
236 787 3
236 790 3
236 794 3
236 821 3
236 845 4
236 895 3
236 974 2
237 5 3
237 11 4
237 12 4
237 14 4
237 28 4
237 30 4
237 42 3
237 47 3
237 51 3
237 56 4
237 58 4
237 65 4
237 69 4
237 70 3
237 77 3
237 79 4
237 82 3
237 83 4
237 86 4
237 87 4
237 88 3
237 89 4
237 90 3
237 91 3
237 95 3
237 97 4
237 98 4
237 99 4
237 111 3
237 116 3
237 118 3
237 124 4
237 131 3
237 132 4
237 133 4
237 134 4
237 137 4
237 143 3
237 144 4
237 145 2
237 151 4
237 154 4
237 155 3
237 161 3
237 162 4
237 165 4
237 166 3
237 168 4
237 173 4
237 174 4
237 176 4
237 179 4
237 181 4
237 183 4
237 185 4
237 186 4
237 190 4
237 191 4
237 195 4
237 197 4
237 204 4
237 207 4
237 208 4
237 211 4
237 212 3
237 213 4
237 214 3
237 216 4
237 217 2
237 218 3
237 219 2
237 229 3
237 234 4
237 237 3
237 238 4
237 239 4
237 244 2
237 253 4
237 254 1
237 265 4
237 275 4
237 276 3
237 281 2
237 283 3
237 286 4
237 287 3
237 288 3
237 292 4
237 301 3
237 318 4
237 378 4
237 381 4
237 387 3
237 393 3
237 402 4
237 404 4
237 412 2
237 415 3
237 418 3
237 419 3
237 421 3
237 423 4
237 428 4
237 432 3
237 433 4
237 435 4
237 436 4
237 447 3
237 450 2
237 451 3
237 463 4
237 466 4
237 473 3
237 478 4
237 480 4
237 482 4
237 483 4
237 484 4
237 485 4
237 496 4
237 497 4
237 499 4
237 501 3
237 507 4
237 512 4
237 514 4
237 517 3
237 518 4
237 521 4
237 523 4
237 559 3
237 566 3
237 581 4
237 582 4
237 583 3
237 584 3
237 588 3
237 603 4
237 607 3
237 614 4
237 629 3
237 640 3
237 642 3
237 651 4
237 652 4
237 654 4
237 655 4
237 657 4
237 658 3
237 660 4
237 663 4
237 665 2
237 672 2
237 674 2
237 683 2
237 684 3
237 692 3
237 696 3
237 697 3
237 698 4
237 699 4
237 702 3
237 705 4
237 708 3
237 709 4
237 710 3
237 727 4
237 730 4
237 732 3
237 736 4
237 737 3
237 739 3
237 746 4
237 747 3
237 748 2
237 753 5
237 755 3
237 770 3
237 778 3
237 781 3
237 794 3
237 812 1
237 842 2
237 843 4
237 946 4
237 955 4
237 969 3
238 1 4
238 9 4
238 21 2
238 50 4
238 100 5
238 118 3
238 121 4
238 181 4
238 220 4
238 237 4
238 245 3
238 269 4
238 280 3
238 321 4
238 471 4
238 476 3
238 815 3
238 845 4
239 7 3
239 13 3
239 93 2
239 100 4
239 121 3
239 125 3
239 147 3
239 237 3
239 240 2
239 242 3
239 257 3
239 273 3
239 276 3
239 282 3
239 285 4
239 288 3
239 293 3
239 300 3
239 301 3
239 405 3
239 475 3
240 70 3
240 86 4
240 198 3
240 242 4
240 243 2
240 271 2
240 272 4
240 283 3
240 300 3
240 310 3
240 312 3
240 319 3
240 323 3
240 328 3
240 329 3
240 340 3
240 350 2
240 512 3
240 515 4
240 582 4
240 690 3
240 750 4
240 886 4
240 904 4
240 921 3
240 937 4
240 971 4
240 988 1
241 1 4
241 9 5
241 15 4
241 25 4
241 121 4
241 288 4
241 313 5
241 342 4
241 405 4
241 751 5
242 7 3
242 11 3
242 12 4
242 17 2
242 22 3
242 26 2
242 27 3
242 31 3
242 33 3
242 38 3
242 39 3
242 41 2
242 42 3
242 44 3
242 53 2
242 54 3
242 55 3
242 56 4
242 62 3
242 64 4
242 68 3
242 79 3
242 82 3
242 100 4
242 117 3
242 129 3
242 144 3
242 150 3
242 154 3
242 156 3
242 159 3
242 161 3
242 168 3
242 174 3
242 176 3
242 177 3
242 182 3
242 184 3
242 186 3
242 195 4
242 203 3
242 204 3
242 209 3
242 210 3
242 217 2
242 219 2
242 226 3
242 228 3
242 229 3
242 230 3
242 231 2
242 234 3
242 240 2
242 273 3
242 276 3
242 281 3
242 286 3
242 288 3
242 294 2
242 318 3
242 342 3
242 350 4
242 367 3
242 385 3
242 401 2
242 403 3
242 410 3
242 436 3
242 449 3
242 452 2
242 482 3
242 508 3
242 546 2
242 550 3
242 554 2
242 559 3
242 569 1
242 572 2
242 578 3
242 591 3
242 628 3
242 635 2
242 636 3
242 665 2
242 672 2
242 684 3
242 685 3
242 695 3
242 710 2
242 746 4
242 769 3
242 780 2
242 800 3
242 810 3
242 834 2
242 873 1
242 943 3
242 975 3
242 979 3
242 988 3
243 258 5
243 271 4
243 286 5
243 309 4
243 313 5
243 323 5
243 340 5
243 358 4
243 678 4
243 687 2
244 9 5
244 50 5
244 100 5
244 245 3
244 258 5
244 271 3
244 300 4
244 313 4
244 515 5
244 678 3
244 748 4
244 916 4
245 7 2
245 9 2
245 12 2
245 28 2
245 50 2
245 55 2
245 64 2
245 79 2
245 87 2
245 117 2
245 118 2
245 121 2
245 123 2
245 127 2
245 144 2
245 147 2
245 150 2
245 174 2
245 181 2
245 195 2
245 203 2
245 204 2
245 208 3
245 209 2
245 221 2
245 235 1
245 245 2
245 246 2
245 248 2
245 268 2
245 273 2
245 276 2
245 291 2
245 295 2
245 302 2
245 310 2
245 313 2
245 324 1
245 325 1
245 330 1
245 333 2
245 340 1
245 346 1
245 405 2
245 408 2
245 460 1
245 475 2
245 479 2
245 480 2
245 504 2
245 544 1
245 591 2
245 595 2
245 597 2
245 603 2
245 628 2
245 644 2
245 689 1
245 742 2
245 744 2
245 748 2
245 752 1
245 762 2
245 763 2
245 818 1
245 823 2
245 829 1
245 831 1
245 840 1
245 844 1
245 845 2
245 871 1
245 881 1
245 886 3
245 895 1
245 908 1
245 919 2
245 959 2
245 979 2
246 268 3
246 269 3
246 270 3
246 286 3
246 288 2
246 292 3
246 294 2
246 302 3
246 303 3
246 306 3
246 311 3
246 326 3
246 328 3
246 332 2
246 688 1
246 748 2
246 754 4
246 880 3
246 883 2
246 887 4
246 888 3
247 1 5
247 5 4
247 7 4
247 9 5
247 17 3
247 27 3
247 28 4
247 31 4
247 55 4
247 56 5
247 65 4
247 68 4
247 69 4
247 70 4
247 85 4
247 89 5
247 96 4
247 98 5
247 100 5
247 111 4
247 117 4
247 123 3
247 135 5
247 144 4
247 147 4
247 148 3
247 150 4
247 151 4
247 153 4
247 156 4
247 157 5
247 158 3
247 174 5
247 176 5
247 180 5
247 183 5
247 204 4
247 206 4
247 209 5
247 218 4
247 222 4
247 227 4
247 231 3
247 233 4
247 234 5
247 248 4
247 252 4
247 258 4
247 260 2
247 281 3
247 284 3
247 286 4
247 288 4
247 290 3
247 293 4
247 298 4
247 300 4
247 367 4
247 405 4
247 410 3
247 435 5
247 447 5
247 470 4
247 483 5
247 484 5
247 498 5
247 544 3
247 546 3
247 559 4
247 582 5
247 591 4
247 597 3
247 629 4
247 642 5
247 678 3
247 742 4
247 748 3
247 760 3
247 815 3
247 823 4
247 845 4
247 866 4
247 879 4
247 926 3
247 963 5
247 981 4
248 262 3
248 268 3
248 269 3
248 271 2
248 292 3
248 301 3
248 303 3
248 304 3
248 305 3
248 307 2
248 316 5
248 321 3
248 327 3
248 333 3
248 338 1
248 344 3
248 345 3
248 360 3
248 750 4
248 884 2
248 887 3
248 902 2
249 9 3
249 15 3
249 59 3
249 60 2
249 61 2
249 100 3
249 105 1
249 117 3
249 118 2
249 122 2
249 127 3
249 137 3
249 170 3
249 171 3
249 179 3
249 212 2
249 244 3
249 248 2
249 251 2
249 273 3
249 276 3
249 282 3
249 285 3
249 286 3
249 288 2
249 293 2
249 310 3
249 337 2
249 381 3
249 410 2
249 459 2
249 546 2
249 558 3
249 702 1
249 742 3
249 753 1
249 763 2
249 936 4
249 971 2
249 983 2
250 1 5
250 2 4
250 3 3
250 4 4
250 7 4
250 10 4
250 12 5
250 13 4
250 15 5
250 26 4
250 28 4
250 29 3
250 35 4
250 38 3
250 39 4
250 49 3
250 51 4
250 54 4
250 56 4
250 58 4
250 60 5
250 64 5
250 65 4
250 66 4
250 67 3
250 70 4
250 71 4
250 73 4
250 77 4
250 79 4
250 80 3
250 81 4
250 82 4
250 83 4
250 86 4
250 87 5
250 88 4
250 89 4
250 92 4
250 94 4
250 95 5
250 97 4
250 98 5
250 99 5
250 100 5
250 101 4
250 110 4
250 112 3
250 114 5
250 117 4
250 121 4
250 123 4
250 125 4
250 126 4
250 127 5
250 131 4
250 132 5
250 133 4
250 134 5
250 135 5
250 136 4
250 139 4
250 141 4
250 142 3
250 143 4
250 144 5
250 145 3
250 152 4
250 153 4
250 154 4
250 155 4
250 157 4
250 158 3
250 161 4
250 162 4
250 163 4
250 164 4
250 166 4
250 167 5
250 168 4
250 169 5
250 173 5
250 174 5
250 176 4
250 177 4
250 179 4
250 180 4
250 182 4
250 183 5
250 185 5
250 187 5
250 191 5
250 192 4
250 193 4
250 194 5
250 195 4
250 196 4
250 197 5
250 199 5
250 200 4
250 202 4
250 203 4
250 204 5
250 205 4
250 207 5
250 208 5
250 210 5
250 211 5
250 215 4
250 216 4
250 218 4
250 222 4
250 223 5
250 225 4
250 226 4
250 227 4
250 229 4
250 231 3
250 233 4
250 237 4
250 238 4
250 239 4
250 241 4
250 245 3
250 252 4
250 254 4
250 258 4
250 264 4
250 265 5
250 269 4
250 270 4
250 272 4
250 274 4
250 275 5
250 277 4
250 278 3
250 280 4
250 281 3
250 282 4
250 283 4
250 287 4
250 288 4
250 290 3
250 292 5
250 294 4
250 299 4
250 300 4
250 301 3
250 302 4
250 304 5
250 305 5
250 310 3
250 311 3
250 312 4
250 313 5
250 315 4
250 316 5
250 328 4
250 332 4
250 340 3
250 354 3
250 357 4
250 367 4
250 371 4
250 373 4
250 378 4
250 380 4
250 381 4
250 382 4
250 383 2
250 384 3
250 385 4
250 387 4
250 393 4
250 395 3
250 396 4
250 400 3
250 401 3
250 414 5
250 416 4
250 417 4
250 418 4
250 419 4
250 421 4
250 422 5
250 427 5
250 428 5
250 430 4
250 431 4
250 432 4
250 433 4
250 434 4
250 435 5
250 443 4
250 448 3
250 455 4
250 462 4
250 465 4
250 467 5
250 468 3
250 469 3
250 470 4
250 471 4
250 472 3
250 474 5
250 476 3
250 477 3
250 478 5
250 479 4
250 480 4
250 481 4
250 482 4
250 483 5
250 484 5
250 487 5
250 488 4
250 490 5
250 491 5
250 493 4
250 494 4
250 495 4
250 496 5
250 497 4
250 499 4
250 500 4
250 502 5
250 503 4
250 505 4
250 506 4
250 507 4
250 509 4
250 510 5
250 511 5
250 514 4
250 518 4
250 520 5
250 523 5
250 525 5
250 526 4
250 527 5
250 528 5
250 530 4
250 535 5
250 549 4
250 550 4
250 553 3
250 557 4
250 558 3
250 559 3
250 561 3
250 566 4
250 568 4
250 570 4
250 582 4
250 583 3
250 589 4
250 591 4
250 602 4
250 604 4
250 606 4
250 607 4
250 608 4
250 609 4
250 610 4
250 611 3
250 612 4
250 613 4
250 614 4
250 618 4
250 620 4
250 622 4
250 629 4
250 630 3
250 631 4
250 632 4
250 633 5
250 637 3
250 642 4
250 647 5
250 648 4
250 650 4
250 651 5
250 655 4
250 657 4
250 659 4
250 660 4
250 661 4
250 663 5
250 673 4
250 679 4
250 685 5
250 686 5
250 689 3
250 692 4
250 693 4
250 700 3
250 704 4
250 707 4
250 708 4
250 709 4
250 710 3
250 712 3
250 714 5
250 715 3
250 716 4
250 717 3
250 723 4
250 727 5
250 728 3
250 729 4
250 731 4
250 735 4
250 736 5
250 739 4
250 742 4
250 747 4
250 748 3
250 751 3
250 761 4
250 762 4
250 765 3
250 771 4
250 774 2
250 775 3
250 778 5
250 783 3
250 785 3
250 790 4
250 792 4
250 794 4
250 801 3
250 807 2
250 815 4
250 821 3
250 823 4
250 832 5
250 837 4
250 842 3
250 845 4
250 846 4
250 847 5
250 865 5
250 869 4
250 873 2
250 878 2
250 900 4
250 902 3
250 904 2
250 905 3
250 908 2
250 921 5
250 923 5
250 926 3
250 928 4
250 934 5
250 936 4
250 939 4
250 940 2
250 942 5
250 956 4
250 965 5
250 966 4
250 967 4
250 969 4
251 242 3
251 243 2
251 259 2
251 260 1
251 263 2
251 264 2
251 268 3
251 269 2
251 270 3
251 286 3
251 288 3
251 292 3
251 294 2
251 299 2
251 300 2
251 301 2
251 303 2
251 307 2
251 308 1
251 322 2
251 323 3
251 325 2
251 327 3
251 328 2
251 329 2
251 330 1
251 331 2
251 332 2
251 333 3
251 336 2
251 337 2
251 359 1
251 360 2
251 457 1
251 680 1
251 681 2
251 683 2
251 687 1
251 688 1
251 690 2
251 749 1
251 872 2
251 874 3
251 875 2
251 877 2
251 879 1
251 880 2
251 881 1
251 882 3
251 883 3
251 884 2
251 937 1
251 938 1
251 984 1
251 989 1
251 991 1
251 995 1
252 7 3
252 8 3
252 14 4
252 22 4
252 25 3
252 27 3
252 45 4
252 48 4
252 52 3
252 58 3
252 60 4
252 61 3
252 62 3
252 64 4
252 66 3
252 69 3
252 70 3
252 79 3
252 86 3
252 88 3
252 89 4
252 96 3
252 97 3
252 99 3
252 111 3
252 121 3
252 124 4
252 127 4
252 132 4
252 134 4
252 135 4
252 136 4
252 143 3
252 152 3
252 154 4
252 156 3
252 161 3
252 162 3
252 163 3
252 170 4
252 173 4
252 174 4
252 180 3
252 181 3
252 183 4
252 185 3
252 186 4
252 187 4
252 188 3
252 191 4
252 194 3
252 195 4
252 197 4
252 201 3
252 202 3
252 203 3
252 204 3
252 207 3
252 211 4
252 212 3
252 216 3
252 234 3
252 237 3
252 243 1
252 245 3
252 259 1
252 269 3
252 276 4
252 286 3
252 294 2
252 318 4
252 371 3
252 384 2
252 404 3
252 418 3
252 419 3
252 420 3
252 423 4
252 427 4
252 430 4
252 435 4
252 443 3
252 455 3
252 458 2
252 461 4
252 462 3
252 465 3
252 467 4
252 472 2
252 479 4
252 482 4
252 483 4
252 485 3
252 488 3
252 490 4
252 491 3
252 494 3
252 495 3
252 496 3
252 498 4
252 502 4
252 506 4
252 509 4
252 510 4
252 513 3
252 517 3
252 518 4
252 521 3
252 523 4
252 526 3
252 530 4
252 531 4
252 554 2
252 576 2
252 588 4
252 597 2
252 603 4
252 609 3
252 614 4
252 615 3
252 624 3
252 631 3
252 636 2
252 641 4
252 648 5
252 654 4
252 659 3
252 660 4
252 684 3
252 729 3
252 736 4
252 780 1
252 781 3
252 792 4
252 805 4
252 815 3
252 856 3
252 863 3
252 874 5
252 924 2
252 947 4
252 969 3
252 971 3
253 3 3
253 4 3
253 7 3
253 9 4
253 11 3
253 12 4
253 17 2
253 22 4
253 24 3
253 33 3
253 42 3
253 48 3
253 49 2
253 50 4
253 53 3
253 59 4
253 68 3
253 69 3
253 73 3
253 77 3
253 79 3
253 80 2
253 93 3
253 94 4
253 97 3
253 98 4
253 100 4
253 117 3
253 122 2
253 125 3
253 132 4
253 143 3
253 154 4
253 156 4
253 157 3
253 158 3
253 164 3
253 168 4
253 172 3
253 174 4
253 181 4
253 184 2
253 186 4
253 188 3
253 196 4
253 204 4
253 210 4
253 214 3
253 223 4
253 231 2
253 233 4
253 234 4
253 238 3
253 239 3
253 246 3
253 248 2
253 258 3
253 268 3
253 276 3
253 288 3
253 298 3
253 318 3
253 354 3
253 356 3
253 357 3
253 364 2
253 367 3
253 369 2
253 385 3
253 393 3
253 401 2
253 402 3
253 410 3
253 412 3
253 416 4
253 421 3
253 423 4
253 424 3
253 427 4
253 456 1
253 471 3
253 475 3
253 476 2
253 496 4
253 515 4
253 550 3
253 552 3
253 566 3
253 568 4
253 578 3
253 586 1
253 591 4
253 651 4
253 655 3
253 684 4
253 693 3
253 697 4
253 717 3
253 721 2
253 742 3
253 871 2
253 959 3
253 963 3
253 975 3
254 1 4
254 11 3
254 12 4
254 15 4
254 22 4
254 28 4
254 50 4
254 51 3
254 55 4
254 56 4
254 58 4
254 66 4
254 69 4
254 70 3
254 73 3
254 76 3
254 77 3
254 79 3
254 82 3
254 87 4
254 88 3
254 89 4
254 96 4
254 97 3
254 98 4
254 99 4
254 100 4
254 107 4
254 114 5
254 117 3
254 118 3
254 121 3
254 124 4
254 131 3
254 136 4
254 143 3
254 144 4
254 153 3
254 161 3
254 162 3
254 164 3
254 169 4
254 172 4
254 173 4
254 174 4
254 181 4
254 182 3
254 185 4
254 191 4
254 193 3
254 194 4
254 195 4
254 196 4
254 197 4
254 199 4
254 202 4
254 203 3
254 204 4
254 210 4
254 211 4
254 215 3
254 222 4
254 228 4
254 234 4
254 237 3
254 250 3
254 255 3
254 257 4
254 258 4
254 259 2
254 260 1
254 270 5
254 272 4
254 277 2
254 279 2
254 286 3
254 289 3
254 293 3
254 300 4
254 310 2
254 315 3
254 316 5
254 317 3
254 318 4
254 322 3
254 323 3
254 326 4
254 356 3
254 357 4
254 378 3
254 385 3
254 392 4
254 404 3
254 414 3
254 418 3
254 419 3
254 423 4
254 427 4
254 431 4
254 434 3
254 435 4
254 451 4
254 454 3
254 465 3
254 468 2
254 474 4
254 478 4
254 479 4
254 482 3
254 483 4
254 484 4
254 485 3
254 487 4
254 490 4
254 492 3
254 493 4
254 496 4
254 497 3
254 507 4
254 509 3
254 519 4
254 520 5
254 526 3
254 528 4
254 531 4
254 566 3
254 568 4
254 603 4
254 605 3
254 607 3
254 610 3
254 612 4
254 614 3
254 627 3
254 631 3
254 633 4
254 642 3
254 649 4
254 651 4
254 654 3
254 655 3
254 657 4
254 659 4
254 660 3
254 661 3
254 678 3
254 685 4
254 686 3
254 692 3
254 693 3
254 694 4
254 705 3
254 707 3
254 735 4
254 736 3
254 740 3
254 742 3
254 746 4
254 836 4
254 837 4
254 842 2
254 873 1
254 875 1
254 879 3
254 939 4
254 945 4
254 956 2
254 961 4
254 968 4
255 1 5
255 2 4
255 4 5
255 7 5
255 8 5
255 9 5
255 12 5
255 14 5
255 17 4
255 20 5
255 24 4
255 25 4
255 31 5
255 39 4
255 42 5
255 44 5
255 47 5
255 53 4
255 56 5
255 57 5
255 58 4
255 64 5
255 65 5
255 69 5
255 70 5
255 71 5
255 87 5
255 89 5
255 95 5
255 96 5
255 97 5
255 98 5
255 100 5
255 118 4
255 123 4
255 125 5
255 126 4
255 127 5
255 135 5
255 148 4
255 161 5
255 170 5
255 173 5
255 174 5
255 176 5
255 191 5
255 196 5
255 197 5
255 204 5
255 214 4
255 217 4
255 222 4
255 223 5
255 228 5
255 234 5
255 237 5
255 245 4
255 252 4
255 255 4
255 257 5
255 265 5
255 270 5
255 275 5
255 276 5
255 277 4
255 279 5
255 281 4
255 282 4
255 289 4
255 291 4
255 292 5
255 293 5
255 298 5
255 300 4
255 304 5
255 307 4
255 313 5
255 317 5
255 318 5
255 321 4
255 323 3
255 334 5
255 343 4
255 380 4
255 382 5
255 393 4
255 402 5
255 405 4
255 428 5
255 447 5
255 455 4
255 462 5
255 465 4
255 471 4
255 475 5
255 504 5
255 508 5
255 511 5
255 515 5
255 518 5
255 529 5
255 531 5
255 549 4
255 582 5
255 584 4
255 591 5
255 597 4
255 627 4
255 628 5
255 629 5
255 647 5
255 660 5
255 678 4
255 692 5
255 694 5
255 709 5
255 724 5
255 727 5
255 738 4
255 747 5
255 755 5
255 778 5
255 898 3
255 934 4
255 939 4
256 1 3
256 3 1
256 4 3
256 12 3
256 13 3
256 22 3
256 23 3
256 32 3
256 42 2
256 46 3
256 50 4
256 53 1
256 54 2
256 57 4
256 60 3
256 61 3
256 68 2
256 69 3
256 79 3
256 80 2
256 86 3
256 91 2
256 92 3
256 95 3
256 97 3
256 99 3
256 100 3
256 101 2
256 111 2
256 125 2
256 127 3
256 133 3
256 135 3
256 143 3
256 161 3
256 168 3
256 170 3
256 172 3
256 174 3
256 175 3
256 177 3
256 179 3
256 180 3
256 181 3
256 182 3
256 185 3
256 186 3
256 187 3
256 188 2
256 194 3
256 196 3
256 197 3
256 202 3
256 208 3
256 210 3
256 211 3
256 216 3
256 218 2
256 222 3
256 226 2
256 228 3
256 231 2
256 232 2
256 234 3
256 238 3
256 268 2
256 273 2
256 274 3
256 282 3
256 286 3
256 294 2
256 325 2
256 346 2
256 357 3
256 366 2
256 369 1
256 380 2
256 403 2
256 410 1
256 414 3
256 419 2
256 421 3
256 423 3
256 427 3
256 431 2
256 432 2
256 433 3
256 443 3
256 447 3
256 448 2
256 449 2
256 452 2
256 460 1
256 461 2
256 462 3
256 474 3
256 475 2
256 479 3
256 484 3
256 490 3
256 498 3
256 505 3
256 506 3
256 508 2
256 523 3
256 546 2
256 559 2
256 568 3
256 578 2
256 581 3
256 582 3
256 603 3
256 608 3
256 640 2
256 655 3
256 658 2
256 660 3
256 662 2
256 672 1
256 673 2
256 693 3
256 696 2
256 708 2
256 710 2
256 715 2
256 720 2
256 721 1
256 737 2
256 743 1
256 763 1
256 789 3
256 806 3
256 818 1
256 845 2
256 864 1
256 919 2
256 922 1
256 933 1
256 943 2
256 955 3
256 959 3
256 963 4
256 979 2
256 985 1
257 4 4
257 7 4
257 8 4
257 9 4
257 11 4
257 12 5
257 14 4
257 15 4
257 20 3
257 22 4
257 27 3
257 31 4
257 38 3
257 44 4
257 45 4
257 48 4
257 50 5
257 51 4
257 52 4
257 53 3
257 54 4
257 56 4
257 57 4
257 58 4
257 59 4
257 62 3
257 64 5
257 65 3
257 66 4
257 70 3
257 77 4
257 79 4
257 82 4
257 86 4
257 89 4
257 91 4
257 94 4
257 96 4
257 97 4
257 100 4
257 105 2
257 111 4
257 114 4
257 117 4
257 118 3
257 122 2
257 127 5
257 134 4
257 137 4
257 143 4
257 144 4
257 148 3
257 151 3
257 155 3
257 156 4
257 157 4
257 161 4
257 162 4
257 164 4
257 168 4
257 172 4
257 173 4
257 174 4
257 176 4
257 180 4
257 181 4
257 182 4
257 183 4
257 185 4
257 186 4
257 190 4
257 191 4
257 192 4
257 193 4
257 194 4
257 196 4
257 197 4
257 200 3
257 203 4
257 204 4
257 209 4
257 214 3
257 215 4
257 216 4
257 218 4
257 219 3
257 223 5
257 226 4
257 228 4
257 229 3
257 230 4
257 231 3
257 232 3
257 234 4
257 235 3
257 237 4
257 239 4
257 240 3
257 241 3
257 243 2
257 248 3
257 257 4
257 258 4
257 265 4
257 282 4
257 285 4
257 288 4
257 304 4
257 318 4
257 357 4
257 370 1
257 372 3
257 373 3
257 378 4
257 380 4
257 385 4
257 393 4
257 395 3
257 401 3
257 402 4
257 403 3
257 405 3
257 410 3
257 411 3
257 412 3
257 417 3
257 425 4
257 428 4
257 436 4
257 443 4
257 448 3
257 450 2
257 452 3
257 453 2
257 455 3
257 456 3
257 458 3
257 462 4
257 469 3
257 470 3
257 471 4
257 472 3
257 473 3
257 474 4
257 476 3
257 483 5
257 500 4
257 507 4
257 509 4
257 527 4
257 529 4
257 531 4
257 540 3
257 546 3
257 549 4
257 553 3
257 554 3
257 559 3
257 566 4
257 568 4
257 582 4
257 584 3
257 588 4
257 597 3
257 623 3
257 628 4
257 629 4
257 631 4
257 632 4
257 636 3
257 640 4
257 651 4
257 655 4
257 658 4
257 664 4
257 673 5
257 679 3
257 692 4
257 699 3
257 704 2
257 708 3
257 709 4
257 717 3
257 720 3
257 722 3
257 727 4
257 729 3
257 732 4
257 739 4
257 742 3
257 744 4
257 747 4
257 755 4
257 758 2
257 769 3
257 770 4
257 775 3
257 783 4
257 792 5
257 819 2
257 825 4
257 841 3
257 845 4
257 871 3
257 931 1
257 934 2
257 948 3
257 949 3
257 959 4
257 980 3
258 8 3
258 9 4
258 12 4
258 14 3
258 20 3
258 23 3
258 25 3
258 28 3
258 32 3
258 48 3
258 50 4
258 57 4
258 58 3
258 86 3
258 96 3
258 98 3
258 117 3
258 121 3
258 124 4
258 126 4
258 127 4
258 129 3
258 134 3
258 143 3
258 144 3
258 147 3
258 152 3
258 169 4
258 174 4
258 178 4
258 179 3
258 180 3
258 182 3
258 183 3
258 187 4
258 189 4
258 190 4
258 191 3
258 192 4
258 193 3
258 195 3
258 203 3
258 208 3
258 209 3
258 234 3
258 237 3
258 238 3
258 245 2
258 250 3
258 255 3
258 273 3
258 278 3
258 282 3
258 284 3
258 285 4
258 286 3
258 287 2
258 288 3
258 289 3
258 293 3
258 298 3
258 301 3
258 304 2
258 307 3
258 317 3
258 318 4
258 319 3
258 321 3
258 333 3
258 346 2
258 357 3
258 387 2
258 405 3
258 408 4
258 410 2
258 423 3
258 425 3
258 427 3
258 430 3
258 461 3
258 467 4
258 469 2
258 473 3
258 474 3
258 496 4
258 509 3
258 514 3
258 517 3
258 521 3
258 526 3
258 529 3
258 530 3
258 546 2
258 582 3
258 588 3
258 589 3
258 591 3
258 596 2
258 603 4
258 632 3
258 644 4
258 648 4
258 651 3
258 654 3
258 663 3
258 685 2
258 694 3
258 696 3
258 704 2
258 709 3
258 717 2
258 736 3
258 742 3
258 744 3
258 750 3
258 753 3
258 792 3
258 844 1
258 847 3
258 896 2
258 925 3
258 939 3
258 952 3
258 956 3
258 980 2
259 1 3
259 3 2
259 7 3
259 8 2
259 15 3
259 16 3
259 19 2
259 22 3
259 25 2
259 79 3
259 100 3
259 108 3
259 111 3
259 117 3
259 120 1
259 121 3
259 123 2
259 147 2
259 148 2
259 164 2
259 172 3
259 174 3
259 181 3
259 194 3
259 216 2
259 220 3
259 222 3
259 225 2
259 230 2
259 245 2
259 249 2
259 250 2
259 255 2
259 258 3
259 260 1
259 264 2
259 274 3
259 278 2
259 282 3
259 286 2
259 289 2
259 291 2
259 295 2
259 300 3
259 301 2
259 322 2
259 323 2
259 328 2
259 332 2
259 333 2
259 357 2
259 358 2
259 411 2
259 472 2
259 473 2
259 523 3
259 568 2
259 596 2
259 597 2
259 651 3
259 676 3
259 678 2
259 685 3
259 687 1
259 742 3
259 748 2
259 815 2
259 825 2
259 827 2
259 846 2
259 864 2
259 866 2
259 873 1
259 879 2
259 934 2
259 969 3
259 978 1
259 989 2
259 993 2
260 1 4
260 7 4
260 10 4
260 14 4
260 20 4
260 117 4
260 127 4
260 129 4
260 146 3
260 149 3
260 224 4
260 242 4
260 250 3
260 253 4
260 257 4
260 258 4
260 273 4
260 275 4
260 276 4
260 279 3
260 285 4
260 286 4
260 289 4
260 293 3
260 294 3
260 297 4
260 301 3
260 303 4
260 307 3
260 311 4
260 322 3
260 458 3
260 515 4
260 532 4
260 591 4
260 676 4
260 713 4
260 744 4
260 847 4
261 9 4
261 50 4
261 121 4
261 242 4
261 255 3
261 285 4
261 302 4
261 304 3
261 313 4
261 319 4
261 321 3
262 11 5
262 100 5
262 237 5
262 259 3
262 271 4
262 272 5
262 288 5
262 289 5
262 292 5
262 300 5
262 310 4
262 313 5
262 315 5
262 323 4
262 330 3
262 332 4
262 678 4
262 866 5
262 895 4
263 3 2
263 7 3
263 13 3
263 14 4
263 15 3
263 20 3
263 21 1
263 24 2
263 50 4
263 93 3
263 100 4
263 103 1
263 107 2
263 112 1
263 116 4
263 117 3
263 121 3
263 124 3
263 126 3
263 137 4
263 147 3
263 149 2
263 150 3
263 151 2
263 221 2
263 224 3
263 225 3
263 235 2
263 242 3
263 243 1
263 244 2
263 249 3
263 250 3
263 253 4
263 257 4
263 258 3
263 268 3
263 270 4
263 274 3
263 283 3
263 284 3
263 285 4
263 288 3
263 301 3
263 304 3
263 306 3
263 310 3
263 311 3
263 319 3
263 347 2
263 362 3
263 410 2
263 455 3
263 472 2
263 473 2
263 475 3
263 477 2
263 508 3
263 544 2
263 593 3
263 597 2
263 689 2
263 741 2
263 744 3
263 751 3
263 813 3
263 819 2
263 845 3
263 864 2
263 870 2
263 880 2
263 887 1
263 926 2
263 930 2
263 950 1
263 952 3
263 988 1
263 993 3
264 16 4
264 116 3
264 176 4
264 181 5
264 248 4
264 258 4
264 260 2
264 264 4
264 269 4
264 286 4
264 289 4
264 294 3
264 298 4
264 300 4
264 302 4
264 321 3
264 322 3
264 326 4
264 328 4
264 333 4
264 482 4
264 603 4
264 678 4
264 705 5
264 709 4
264 879 4
264 984 2
265 1 3
265 7 3
265 8 3
265 12 3
265 22 3
265 32 2
265 50 4
265 56 3
265 64 4
265 87 3
265 97 3
265 100 4
265 114 3
265 132 3
265 134 3
265 136 3
265 143 3
265 154 3
265 169 4
265 172 3
265 174 4
265 175 3
265 179 3
265 180 3
265 181 3
265 190 3
265 191 3
265 194 3
265 198 3
265 199 3
265 202 3
265 216 3
265 257 3
265 258 3
265 283 3
265 286 3
265 300 2
265 318 3
265 319 2
265 395 1
265 404 3
265 428 3
265 474 4
265 475 3
265 477 2
265 478 3
265 481 4
265 496 3
265 511 4
265 525 4
265 529 3
265 584 2
265 588 3
265 603 3
265 615 3
265 638 3
265 651 3
265 855 2
266 2 3
266 11 4
266 22 4
266 24 4
266 27 3
266 50 4
266 55 5
266 56 4
266 62 4
266 68 3
266 79 4
266 82 4
266 87 4
266 89 4
266 95 4
266 96 4
266 98 4
266 117 3
266 127 4
266 144 4
266 172 4
266 174 4
266 176 4
266 182 4
266 183 4
266 184 4
266 187 4
266 188 4
266 210 4
266 231 3
266 232 3
266 258 4
266 265 4
266 268 5
266 269 3
266 273 4
266 288 4
266 292 5
266 294 3
266 302 4
266 306 4
266 308 4
266 313 4
266 315 4
266 321 4
266 324 5
266 326 3
266 327 4
266 328 4
266 331 4
266 333 4
266 334 4
266 344 4
266 346 4
266 349 2
266 350 3
266 354 4
266 385 4
266 405 3
266 455 4
266 518 4
266 546 3
266 550 4
266 566 4
266 568 4
266 651 4
266 682 2
266 748 3
266 873 2
266 882 4
266 885 2
266 898 2
266 908 2
267 1 5
267 10 5
267 24 5
267 50 5
267 93 5
267 108 5
267 109 5
267 117 5
267 124 5
267 150 5
267 240 5
267 246 5
267 248 5
267 249 5
267 257 5
267 264 5
267 268 5
267 273 5
267 288 5
267 298 5
267 340 5
267 455 5
267 475 5
267 742 5
267 762 5
267 919 4
268 1 4
268 4 4
268 7 3
268 8 4
268 12 4
268 13 3
268 15 3
268 19 5
268 22 4
268 23 4
268 25 3
268 31 3
268 39 3
268 42 4
268 47 4
268 51 3
268 56 4
268 58 4
268 69 4
268 70 4
268 71 4
268 95 4
268 96 4
268 97 4
268 98 4
268 100 4
268 111 4
268 116 4
268 118 3
268 121 3
268 126 3
268 132 4
268 137 4
268 144 4
268 150 4
268 153 4
268 159 3
268 160 4
268 170 4
268 172 4
268 173 4
268 178 4
268 180 4
268 181 4
268 182 4
268 191 4
268 195 4
268 200 4
268 209 4
268 214 3
268 216 4
268 222 3
268 238 4
268 249 3
268 251 4
268 257 4
268 258 4
268 273 3
268 275 4
268 283 3
268 285 4
268 294 2
268 297 4
268 318 4
268 321 3
268 357 4
268 367 3
268 372 4
268 377 1
268 405 3
268 411 4
268 423 4
268 427 4
268 428 5
268 435 5
268 461 4
268 462 4
268 469 4
268 471 3
268 475 4
268 498 4
268 507 4
268 529 3
268 544 3
268 582 3
268 603 4
268 612 5
268 642 3
268 655 4
268 692 4
268 699 4
268 724 4
268 742 3
268 826 4
268 856 5
268 926 3
268 952 4
269 10 5
269 64 5
269 65 4
269 127 5
269 134 5
269 136 5
269 153 4
269 173 5
269 194 4
269 286 4
269 306 4
269 474 5
269 483 5
269 484 5
269 490 5
269 495 4
269 499 5
269 507 4
269 511 5
269 513 4
269 520 5
269 582 4
269 605 4
269 610 4
269 611 4
269 641 5
269 654 5
269 705 4
269 855 4
270 9 3
270 13 3
270 19 3
270 50 3
270 93 3
270 100 3
270 118 3
270 125 3
270 137 3
270 150 3
270 221 3
270 235 4
270 246 3
270 248 3
270 257 3
270 258 3
270 276 3
270 283 3
270 284 3
270 285 3
270 286 3
270 288 3
270 293 3
270 294 3
270 295 2
270 360 3
270 458 3
270 471 3
270 475 4
270 508 3
270 544 2
270 546 3
270 813 4
270 847 3
270 919 2
270 950 3
270 952 3
271 1 5
271 50 5
271 99 5
271 102 4
271 140 4
271 151 4
271 225 4
271 404 4
271 422 4
271 465 4
271 477 3
271 588 5
271 596 4
271 768 3
271 878 2
271 932 3
271 969 4
272 1 5
272 2 5
272 3 5
272 4 5
272 7 5
272 11 5
272 12 5
272 21 4
272 24 5
272 27 5
272 28 5
272 29 4
272 33 5
272 38 5
272 41 5
272 43 4
272 49 5
272 51 4
272 56 5
272 63 5
272 64 5
272 66 5
272 68 5
272 69 5
272 71 5
272 72 5
272 73 5
272 78 4
272 79 5
272 80 5
272 82 5
272 88 5
272 90 4
272 94 5
272 97 5
272 99 5
272 101 5
272 109 5
272 117 5
272 118 5
272 120 5
272 122 3
272 123 5
272 132 5
272 135 5
272 141 5
272 151 5
272 161 5
272 168 5
272 172 5
272 173 5
272 174 5
272 175 5
272 177 5
272 181 5
272 183 5
272 185 5
272 186 5
272 193 5
272 195 5
272 196 5
272 204 5
272 210 5
272 215 5
272 217 5
272 218 5
272 226 5
272 228 5
272 229 5
272 232 4
272 233 4
272 234 5
272 239 5
272 240 4
272 250 4
272 254 3
272 255 5
272 258 5
272 260 4
272 271 5
272 288 5
272 313 5
272 318 5
272 323 4
272 343 4
272 355 5
272 358 5
272 362 5
272 365 5
272 368 4
272 370 5
272 373 5
272 374 5
272 375 5
272 378 5
272 380 5
272 384 4
272 386 5
272 391 4
272 392 5
272 393 5
272 395 4
272 400 5
272 401 4
272 404 5
272 411 4
272 416 5
272 417 5
272 418 5
272 431 5
272 443 5
272 449 5
272 455 5
272 465 5
272 473 4
272 475 5
272 477 5
272 485 5
272 496 5
272 501 5
272 540 4
272 541 4
272 546 5
272 548 5
272 550 5
272 552 5
272 559 4
272 561 4
272 562 5
272 567 3
272 568 5
272 569 4
272 576 5
272 577 5
272 578 5
272 584 5
272 588 5
272 597 4
272 625 5
272 633 5
272 655 5
272 658 5
272 665 4
272 672 4
272 682 4
272 685 5
272 715 5
272 720 5
272 739 5
272 742 5
272 743 4
272 747 5
272 748 4
272 751 4
272 755 5
272 756 4
272 758 3
272 760 4
272 763 5
272 768 5
272 771 5
272 780 4
272 790 5
272 796 5
272 810 5
272 826 4
272 834 3
272 877 3
272 890 4
272 895 4
272 924 5
272 928 5
272 930 4
272 931 3
272 940 4
272 951 5
272 977 4
273 9 4
273 14 4
273 25 3
273 116 4
273 124 4
273 129 3
273 137 4
273 242 3
273 257 3
273 273 3
273 275 4
273 276 3
273 293 4
273 302 4
273 303 3
273 319 3
273 321 3
273 327 3
273 508 3
273 547 3
274 7 4
274 8 4
274 11 5
274 12 5
274 13 4
274 14 5
274 15 4
274 22 5
274 23 5
274 26 4
274 42 4
274 44 5
274 45 4
274 48 5
274 50 5
274 52 5
274 58 4
274 60 5
274 61 4
274 64 5
274 66 4
274 68 4
274 69 4
274 71 4
274 72 4
274 73 4
274 76 4
274 77 4
274 79 4
274 83 4
274 86 4
274 87 5
274 88 4
274 89 4
274 92 4
274 97 4
274 98 5
274 99 5
274 100 5
274 107 4
274 116 5
274 121 4
274 131 4
274 132 4
274 134 5
274 135 5
274 136 5
274 141 4
274 150 4
274 161 4
274 170 5
274 171 5
274 172 5
274 173 5
274 175 4
274 176 4
274 178 5
274 179 4
274 180 4
274 181 4
274 182 5
274 183 5
274 191 5
274 192 5
274 193 4
274 194 5
274 195 5
274 196 4
274 198 5
274 199 5
274 203 4
274 205 4
274 207 5
274 208 5
274 209 4
274 210 5
274 211 5
274 212 4
274 215 4
274 216 4
274 218 4
274 221 4
274 227 4
274 230 4
274 234 4
274 237 4
274 238 5
274 244 3
274 248 4
274 252 4
274 257 4
274 258 5
274 274 4
274 275 4
274 276 4
274 282 4
274 283 4
274 285 5
274 286 4
274 288 4
274 289 3
274 291 3
274 293 4
274 298 4
274 302 4
274 313 5
274 315 5
274 316 5
274 317 4
274 322 3
274 326 4
274 346 4
274 356 4
274 380 4
274 382 4
274 385 4
274 410 3
274 414 4
274 416 4
274 418 4
274 419 4
274 430 5
274 434 5
274 435 5
274 436 5
274 461 4
274 463 5
274 470 4
274 474 5
274 475 4
274 478 5
274 480 5
274 481 4
274 483 5
274 484 5
274 486 4
274 488 5
274 489 5
274 490 5
274 491 4
274 493 5
274 495 4
274 496 4
274 497 4
274 498 5
274 499 5
274 503 4
274 506 5
274 507 4
274 508 4
274 510 5
274 511 5
274 513 5
274 514 5
274 517 4
274 518 4
274 519 5
274 520 5
274 521 4
274 525 5
274 526 4
274 527 5
274 528 5
274 529 5
274 530 5
274 553 4
274 566 4
274 584 4
274 591 4
274 601 5
274 602 5
274 603 5
274 604 4
274 605 4
274 607 4
274 610 4
274 614 4
274 615 5
274 617 4
274 618 4
274 628 4
274 633 4
274 641 5
274 642 4
274 646 5
274 648 5
274 649 5
274 651 5
274 653 5
274 657 5
274 659 5
274 660 4
274 661 5
274 664 4
274 676 4
274 684 4
274 685 4
274 692 4
274 696 4
274 697 4
274 699 4
274 705 5
274 707 4
274 708 4
274 709 5
274 735 4
274 736 5
274 744 4
274 756 3
274 789 4
274 792 4
274 836 4
274 848 5
274 921 5
274 923 5
274 939 4
274 943 3
274 945 5
274 963 5
274 966 4
274 971 4
274 996 3
275 50 2
275 70 2
275 100 2
275 259 2
275 315 2
275 347 1
275 381 2
276 4 2
276 26 2
276 33 2
276 42 3
276 56 2
276 67 1
276 72 2
276 73 2
276 80 1
276 83 2
276 85 3
276 88 3
276 168 3
276 173 3
276 175 2
276 186 2
276 194 3
276 202 3
276 208 3
276 209 3
276 211 3
276 216 2
276 232 1
276 238 3
276 239 3
276 288 2
276 300 2
276 328 2
276 343 2
276 367 2
276 386 1
276 579 3
276 585 2
276 648 3
276 655 3
276 692 2
276 710 2
276 712 2
276 715 2
276 734 1
276 738 2
276 748 1
276 765 2
276 781 2
276 790 2
276 792 2
276 944 1
276 999 2
277 20 2
277 25 4
277 36 4
277 88 5
277 90 4
277 237 4
277 255 4
277 280 4
277 282 5
277 289 4
277 294 4
277 553 4
277 709 4
277 722 4
277 724 4
277 732 5
277 778 4
277 781 4
277 815 4
277 846 4
278 1 4
278 7 4
278 17 3
278 23 4
278 26 4
278 28 4
278 40 4
278 41 2
278 42 4
278 48 4
278 50 4
278 65 4
278 72 3
278 77 3
278 79 4
278 81 4
278 93 4
278 98 4
278 111 3
278 122 1
278 134 4
278 137 4
278 143 4
278 145 3
278 151 3
278 160 3
278 161 3
278 168 4
278 188 3
278 196 4
278 216 4
278 218 3
278 219 3
278 222 4
278 231 2
278 237 4
278 238 4
278 276 3
278 288 3
278 300 4
278 318 4
278 327 3
278 340 3
278 350 4
278 354 3
278 357 4
278 367 4
278 369 2
278 392 3
278 403 3
278 410 3
278 412 2
278 427 4
278 447 4
278 451 3
278 467 4
278 469 3
278 518 4
278 568 4
278 591 4
278 604 3
278 616 3
278 655 4
278 658 4
278 673 4
278 684 4
278 739 3
278 743 1
278 763 3
278 843 2
278 866 3
278 959 4
278 975 3
279 1 4
279 8 4
279 24 3
279 28 4
279 31 4
279 50 5
279 54 4
279 55 4
279 58 4
279 66 4
279 70 4
279 71 4
279 79 4
279 82 4
279 88 4
279 89 4
279 95 4
279 96 4
279 97 4
279 100 5
279 101 3
279 108 4
279 111 4
279 117 4
279 118 3
279 121 4
279 122 2
279 127 4
279 133 4
279 135 4
279 147 3
279 148 3
279 161 4
279 168 4
279 172 4
279 173 5
279 174 5
279 175 4
279 176 4
279 177 4
279 179 4
279 180 4
279 181 4
279 182 4
279 183 4
279 185 4
279 187 5
279 188 4
279 189 4
279 190 5
279 195 4
279 197 4
279 198 4
279 201 3
279 204 4
279 209 4
279 210 4
279 211 4
279 213 4
279 215 4
279 216 4
279 226 3
279 228 4
279 230 4
279 241 3
279 248 4
279 249 3
279 255 4
279 257 4
279 258 4
279 261 1
279 264 3
279 265 4
279 266 2
279 270 5
279 272 4
279 281 3
279 282 4
279 283 4
279 286 4
279 288 3
279 294 3
279 295 3
279 298 3
279 300 4
279 304 3
279 318 4
279 324 3
279 328 3
279 356 3
279 358 3
279 380 4
279 385 4
279 398 2
279 405 3
279 421 4
279 422 3
279 423 4
279 436 4
279 455 3
279 463 4
279 472 3
279 479 5
279 483 5
279 489 5
279 500 4
279 510 4
279 511 4
279 523 5
279 526 3
279 528 5
279 535 3
279 546 3
279 566 4
279 588 4
279 602 4
279 604 5
279 616 3
279 629 4
279 632 4
279 640 4
279 651 4
279 655 4
279 680 2
279 688 2
279 692 4
279 727 4
279 732 4
279 739 3
279 748 3
279 751 4
279 752 3
279 840 3
279 879 4
279 931 1
279 945 4
280 8 4
280 12 4
280 64 4
280 96 4
280 100 4
280 114 4
280 127 4
280 165 5
280 166 4
280 172 4
280 175 4
280 183 4
280 190 4
280 191 4
280 203 4
280 213 4
280 237 4
280 257 4
280 265 4
280 272 4
280 294 3
280 298 3
280 319 3
280 347 4
280 462 4
280 479 4
280 483 4
280 504 4
280 510 4
280 511 4
280 517 4
280 603 4
280 615 4
280 642 3
280 661 4
280 705 4
280 863 4
281 42 4
281 50 5
281 66 4
281 70 4
281 86 4
281 100 4
281 153 4
281 163 4
281 173 4
281 190 4
281 197 4
281 204 4
281 207 4
281 210 4
281 238 4
281 283 4
281 313 4
281 318 4
281 322 3
281 367 3
281 427 4
281 430 4
281 435 4
281 479 4
281 484 4
281 505 4
281 507 4
281 514 4
281 524 4
281 596 3
281 648 4
281 650 4
281 678 3
281 780 3
282 50 4
282 127 4
282 257 4
282 288 3
282 289 3
282 295 3
282 298 3
282 301 3
282 321 2
282 748 3
282 876 3
282 881 3
283 1 4
283 12 5
283 20 3
283 99 5
283 107 4
283 116 4
283 121 4
283 144 4
283 151 4
283 180 4
283 181 5
283 195 4
283 197 5
283 199 4
283 229 4
283 230 4
283 237 4
283 249 3
283 250 3
283 257 4
283 270 5
283 271 3
283 277 4
283 286 4
283 290 3
283 318 5
283 365 2
283 380 4
283 405 3
283 432 4
283 449 4
283 462 5
283 480 4
283 538 3
283 582 4
283 612 5
283 743 2
283 900 5
284 1 5
284 7 5
284 9 5
284 15 5
284 24 4
284 25 4
284 28 5
284 29 4
284 50 5
284 51 4
284 53 4
284 56 5
284 70 5
284 71 5
284 73 4
284 79 5
284 82 5
284 94 5
284 96 5
284 97 5
284 98 5
284 111 5
284 122 3
284 135 5
284 136 5
284 143 5
284 144 5
284 150 5
284 151 5
284 168 5
284 173 5
284 174 5
284 181 5
284 195 5
284 202 5
284 204 5
284 216 5
284 222 5
284 227 5
284 229 4
284 230 5
284 234 5
284 235 4
284 237 5
284 239 5
284 248 5
284 250 5
284 252 4
284 255 4
284 257 5
284 258 5
284 265 5
284 274 5
284 275 4
284 293 5
284 294 4
284 300 5
284 313 5
284 315 5
284 318 5
284 343 4
284 385 5
284 392 5
284 399 5
284 405 4
284 419 5
284 422 5
284 427 5
284 431 5
284 449 5
284 451 4
284 463 5
284 472 4
284 510 5
284 550 5
284 560 3
284 562 5
284 568 5
284 578 4
284 588 5
284 597 4
284 625 4
284 651 5
284 655 5
284 665 4
284 679 4
284 692 5
284 699 5
284 746 5
284 755 4
284 778 5
284 823 5
284 829 4
284 849 3
284 879 4
284 926 3
285 245 2
285 288 2
285 289 3
285 294 2
285 303 3
285 313 3
285 321 3
285 326 3
285 330 1
285 341 1
285 748 2
286 1 3
286 3 3
286 7 3
286 10 3
286 13 3
286 14 4
286 15 4
286 20 2
286 93 3
286 109 3
286 111 3
286 117 3
286 121 3
286 123 3
286 124 4
286 127 4
286 129 3
286 137 4
286 146 3
286 147 2
286 150 3
286 151 3
286 181 4
286 220 2
286 221 4
286 235 2
286 236 2
286 237 3
286 245 2
286 248 3
286 250 4
286 255 3
286 257 3
286 258 4
286 262 3
286 264 2
286 270 4
286 273 4
286 275 4
286 276 3
286 277 3
286 280 3
286 282 4
286 284 3
286 285 3
286 286 3
286 287 3
286 295 3
286 298 3
286 299 5
286 300 3
286 305 3
286 319 3
286 321 3
286 322 2
286 327 4
286 331 2
286 332 3
286 333 2
286 336 3
286 471 3
286 475 4
286 476 2
286 508 2
286 591 4
286 595 3
286 597 3
286 620 3
286 628 3
286 678 2
286 689 3
286 696 3
286 717 2
286 718 3
286 742 2
286 748 2
286 762 3
286 766 2
286 818 2
286 823 3
286 845 3
286 846 3
286 864 2
286 872 2
286 874 2
286 879 3
286 880 3
286 882 2
286 886 2
286 887 2
286 924 3
286 935 1
286 975 3
286 994 3
286 995 3
287 1 2
287 2 1
287 3 2
287 4 2
287 12 3
287 17 1
287 25 1
287 28 2
287 31 2
287 38 1
287 42 1
287 43 1
287 45 2
287 48 2
287 49 2
287 50 3
287 55 2
287 56 2
287 58 2
287 66 1
287 68 1
287 69 2
287 71 2
287 73 1
287 76 1
287 77 2
287 79 2
287 81 1
287 82 2
287 87 2
287 88 2
287 92 2
287 95 2
287 96 2
287 97 2
287 99 2
287 100 2
287 111 1
287 117 2
287 121 2
287 125 2
287 128 1
287 133 2
287 136 2
287 140 1
287 143 2
287 144 2
287 150 2
287 160 2
287 161 1
287 172 2
287 174 2
287 176 3
287 179 2
287 181 2
287 183 3
287 188 2
287 191 2
287 194 2
287 195 2
287 196 2
287 202 1
287 206 1
287 215 2
287 216 2
287 222 2
287 226 2
287 227 1
287 230 1
287 232 1
287 237 2
287 239 2
287 249 1
287 252 2
287 255 2
287 257 2
287 258 2
287 259 1
287 260 1
287 265 2
287 270 1
287 272 2
287 273 2
287 276 2
287 280 1
287 282 2
287 286 2
287 288 2
287 289 1
287 293 3
287 294 1
287 298 1
287 300 1
287 318 2
287 333 1
287 347 2
287 356 1
287 366 1
287 367 2
287 378 2
287 402 1
287 403 2
287 404 2
287 411 1
287 412 1
287 419 1
287 423 2
287 432 2
287 455 1
287 462 2
287 470 1
287 471 1
287 474 2
287 501 1
287 540 1
287 541 1
287 546 1
287 549 2
287 550 2
287 566 2
287 572 1
287 578 2
287 586 1
287 588 2
287 591 2
287 596 1
287 597 1
287 620 2
287 627 2
287 628 2
287 652 2
287 658 2
287 672 1
287 679 2
287 684 2
287 685 1
287 686 2
287 692 1
287 710 1
287 713 2
287 727 3
287 732 1
287 735 2
287 742 2
287 747 2
287 748 1
287 768 1
287 772 1
287 779 1
287 781 1
287 790 1
287 794 1
287 820 1
287 823 2
287 833 1
287 845 2
287 932 1
287 939 1
287 941 1
287 956 3
287 978 1
288 1 4
288 8 4
288 11 4
288 22 4
288 28 4
288 33 3
288 50 5
288 58 4
288 64 5
288 69 4
288 70 4
288 83 4
288 87 4
288 96 4
288 98 4
288 100 5
288 111 4
288 133 4
288 135 4
288 154 4
288 164 4
288 168 4
288 172 4
288 173 5
288 176 4
288 180 4
288 181 4
288 182 4
288 183 4
288 185 4
288 186 4
288 187 4
288 190 4
288 196 4
288 198 4
288 199 4
288 200 4
288 203 4
288 207 4
288 210 4
288 211 4
288 222 4
288 228 4
288 230 3
288 238 4
288 243 3
288 245 3
288 258 4
288 259 3
288 260 2
288 265 4
288 269 4
288 292 5
288 299 3
288 304 4
288 318 5
288 328 4
288 333 4
288 358 4
288 385 4
288 405 3
288 414 4
288 419 4
288 429 4
288 434 4
288 468 2
288 474 5
288 480 4
288 483 5
288 485 4
288 491 4
288 493 5
288 496 4
288 498 4
288 500 4
288 510 4
288 511 5
288 514 4
288 515 4
288 520 5
288 521 4
288 523 4
288 526 4
288 527 4
288 568 4
288 605 3
288 612 4
288 655 4
288 659 4
288 662 4
288 692 4
288 707 4
288 724 4
288 732 4
288 776 3
288 845 4
288 880 4
288 890 3
289 243 2
289 258 4
289 259 3
289 260 3
289 261 2
289 263 4
289 264 3
289 266 2
289 268 4
289 271 3
289 272 4
289 286 4
289 288 3
289 292 4
289 294 4
289 301 3
289 302 4
289 304 3
289 308 4
289 310 4
289 313 5
289 315 4
289 316 4
289 319 3
289 321 3
289 324 3
289 325 2
289 326 3
289 327 3
289 330 1
289 331 3
289 332 3
289 333 3
289 334 3
289 339 3
289 340 4
289 342 3
289 343 3
289 349 3
289 353 2
289 355 4
289 358 3
289 457 2
289 538 3
289 678 3
289 680 1
289 681 1
289 682 3
289 687 1
289 689 3
289 748 2
289 750 4
289 751 3
289 752 3
289 872 3
289 873 2
289 874 4
289 875 2
289 878 2
289 881 2
289 883 3
289 887 4
289 890 2
289 892 3
289 902 3
289 948 3
289 988 3
289 989 1
289 991 1
290 1 3
290 9 3
290 15 3
290 50 3
290 93 2
290 117 3
290 124 3
290 126 3
290 127 3
290 137 3
290 150 3
290 151 2
290 181 3
290 224 3
290 237 2
290 258 3
290 273 2
290 277 2
290 284 2
290 286 2
290 292 2
290 293 3
290 298 2
290 302 3
290 333 2
290 410 2
290 455 2
290 473 2
290 475 3
290 596 2
290 741 2
290 764 1
290 847 2
290 919 2
290 926 2
290 993 2
291 45 4
291 100 4
291 124 4
291 129 3
291 190 4
291 237 3
291 258 4
291 273 3
291 285 4
291 286 3
291 340 3
291 475 3
291 657 4
291 696 3
291 900 4
292 45 4
292 56 4
292 69 4
292 83 4
292 86 3
292 97 4
292 100 4
292 124 4
292 127 4
292 131 3
292 137 4
292 186 4
292 187 4
292 192 4
292 193 4
292 205 3
292 212 3
292 221 4
292 242 4
292 285 4
292 286 4
292 291 3
292 318 4
292 479 4
292 482 4
292 483 4
292 492 4
292 511 4
292 523 4
292 527 4
292 528 4
292 531 4
292 654 4
292 772 2
293 1 3
293 7 3
293 11 3
293 12 3
293 22 3
293 24 2
293 48 3
293 50 3
293 59 3
293 60 3
293 65 3
293 69 3
293 71 3
293 79 3
293 82 3
293 91 2
293 95 3
293 96 3
293 98 3
293 100 4
293 115 3
293 117 3
293 118 2
293 121 2
293 124 3
293 127 4
293 150 3
293 151 3
293 154 3
293 156 3
293 168 3
293 171 3
293 172 3
293 173 3
293 174 4
293 175 3
293 176 3
293 180 3
293 181 3
293 182 3
293 183 3
293 188 3
293 191 3
293 192 3
293 195 4
293 196 3
293 209 3
293 210 3
293 222 3
293 234 3
293 235 2
293 238 3
293 239 3
293 250 3
293 252 2
293 257 3
293 258 3
293 260 1
293 264 2
293 265 3
293 271 2
293 273 3
293 275 3
293 284 2
293 288 2
293 300 3
293 318 4
293 323 2
293 327 2
293 328 2
293 343 2
293 357 3
293 369 1
293 404 2
293 405 2
293 410 2
293 411 2
293 431 3
293 455 2
293 462 3
293 475 3
293 483 4
293 527 3
293 528 3
293 546 2
293 550 3
293 597 2
293 647 3
293 652 2
293 684 3
293 687 1
293 693 2
293 742 2
293 746 3
293 751 3
293 754 3
293 762 2
293 763 3
293 876 2
293 879 1
293 886 3
293 890 2
293 925 3
294 9 4
294 50 4
294 64 5
294 65 4
294 86 4
294 98 4
294 100 4
294 107 4
294 126 4
294 174 4
294 183 4
294 191 4
294 194 4
294 199 4
294 222 4
294 237 4
294 286 4
294 289 4
294 294 4
294 322 4
294 357 4
294 427 4
294 507 4
294 528 4
294 748 3
295 2 3
295 4 4
295 11 4
295 29 3
295 44 4
295 50 4
295 53 3
295 54 4
295 56 4
295 64 4
295 68 3
295 69 4
295 71 4
295 79 4
295 84 5
295 86 4
295 88 4
295 89 4
295 90 3
295 91 4
295 94 4
295 95 4
295 98 4
295 101 3
295 109 4
295 120 2
295 121 4
295 132 4
295 133 4
295 139 4
295 140 3
295 143 3
295 144 4
295 145 2
295 147 4
295 151 4
295 153 4
295 155 3
295 157 4
295 158 3
295 161 4
295 162 3
295 163 3
295 167 3
295 168 4
295 172 4
295 173 4
295 176 4
295 179 4
295 181 4
295 184 3
295 186 4
295 188 4
295 191 4
295 195 4
295 200 4
295 201 3
295 202 4
295 204 4
295 214 3
295 216 4
295 217 3
295 219 3
295 222 4
295 227 3
295 228 4
295 229 3
295 230 4
295 231 3
295 232 3
295 234 4
295 235 3
295 265 4
295 282 4
295 288 4
295 357 4
295 379 3
295 380 4
295 385 4
295 386 3
295 389 3
295 391 3
295 392 4
295 395 3
295 402 4
295 403 4
295 404 4
295 413 3
295 416 3
295 417 3
295 421 4
295 423 4
295 431 4
295 433 4
295 435 4
295 444 3
295 447 4
295 449 3
295 451 4
295 452 3
295 465 3
295 470 3
295 472 3
295 478 4
295 479 4
295 496 4
295 501 4
295 504 4
295 505 3
295 507 3
295 523 4
295 559 3
295 566 4
295 575 3
295 581 4
295 616 4
295 622 3
295 629 4
295 642 4
295 650 4
295 658 4
295 660 4
295 665 3
295 671 4
295 674 3
295 679 4
295 684 4
295 705 4
295 732 4
295 742 4
295 768 3
295 770 3
295 790 3
295 796 3
295 797 4
295 831 3
295 843 4
295 924 3
295 944 3
296 7 3
296 10 4
296 11 3
296 17 1
296 33 3
296 38 2
296 39 3
296 42 3
296 50 4
296 53 2
296 56 4
296 64 4
296 77 3
296 87 3
296 89 3
296 96 4
296 97 3
296 98 4
296 99 3
296 109 3
296 132 4
296 133 3
296 135 4
296 136 3
296 141 4
296 143 3
296 147 3
296 150 3
296 154 3
296 156 3
296 158 2
296 164 3
296 172 3
296 173 4
296 181 3
296 183 4
296 186 3
296 191 3
296 204 4
296 222 3
296 227 2
296 228 3
296 229 2
296 246 2
296 268 3
296 288 3
296 318 4
296 356 3
296 378 4
296 380 2
296 393 3
296 417 2
296 418 2
296 420 4
296 432 3
296 433 3
296 469 2
296 480 3
296 485 3
296 526 3
296 528 4
296 532 2
296 561 2
296 607 3
296 625 3
296 633 4
296 659 3
296 727 4
296 743 2
296 746 4
296 774 1
296 825 4
296 921 3
297 1 3
297 2 3
297 3 2
297 11 3
297 12 4
297 13 3
297 19 4
297 24 3
297 25 3
297 28 3
297 31 3
297 38 2
297 39 3
297 54 3
297 56 4
297 66 3
297 67 2
297 70 3
297 71 3
297 72 3
297 77 3
297 79 4
297 80 3
297 82 3
297 87 4
297 89 4
297 94 3
297 95 3
297 96 4
297 97 3
297 98 4
297 99 4
297 100 4
297 101 2
297 105 1
297 108 3
297 109 3
297 114 4
297 118 3
297 122 1
297 127 4
297 139 3
297 145 1
297 152 4
297 153 4
297 155 2
297 161 3
297 163 3
297 164 3
297 167 3
297 168 4
297 173 4
297 174 4
297 175 4
297 181 4
297 185 3
297 186 3
297 187 4
297 188 3
297 189 4
297 195 4
297 197 4
297 202 3
297 204 4
297 208 4
297 217 2
297 225 3
297 227 3
297 228 4
297 229 3
297 230 3
297 233 3
297 234 3
297 240 2
297 242 4
297 248 3
297 250 3
297 252 2
297 257 3
297 258 4
297 260 1
297 268 4
297 273 3
297 274 3
297 288 3
297 291 3
297 298 2
297 325 4
297 358 3
297 363 2
297 364 2
297 373 2
297 382 3
297 384 2
297 385 3
297 386 2
297 393 3
297 395 2
297 399 3
297 403 3
297 405 3
297 407 2
297 408 4
297 412 2
297 418 3
297 420 4
297 423 4
297 431 3
297 432 3
297 451 3
297 452 2
297 455 3
297 465 3
297 472 2
297 475 3
297 501 3
297 508 3
297 510 4
297 526 4
297 540 2
297 545 1
297 549 3
297 550 3
297 552 3
297 559 2
297 562 3
297 566 3
297 568 3
297 570 3
297 575 2
297 577 3
297 578 3
297 588 4
297 590 1
297 597 2
297 603 4
297 625 3
297 627 3
297 645 4
297 651 4
297 652 3
297 655 4
297 657 4
297 679 3
297 692 3
297 716 3
297 720 2
297 721 2
297 722 3
297 724 3
297 731 3
297 741 3
297 746 3
297 748 2
297 758 1
297 765 3
297 771 2
297 780 2
297 781 3
297 783 3
297 790 3
297 792 4
297 797 3
297 802 3
297 809 3
297 810 3
297 840 3
297 849 2
297 864 2
297 940 1
297 943 3
297 1000 3
298 10 4
298 11 4
298 12 4
298 23 3
298 32 3
298 50 4
298 53 3
298 56 4
298 59 4
298 61 3
298 79 4
298 83 3
298 89 4
298 98 4
298 121 3
298 124 3
298 127 4
298 136 4
298 137 4
298 144 3
298 150 3
298 151 4
298 156 4
298 160 3
298 164 4
298 168 4
298 171 4
298 172 4
298 175 3
298 176 3
298 182 4
298 183 4
298 186 3
298 187 4
298 191 4
298 192 4
298 197 4
298 202 3
298 203 3
298 204 4
298 210 4
298 212 2
298 218 3
298 222 3
298 228 3
298 229 2
298 258 4
298 262 3
298 271 2
298 275 4
298 288 3
298 293 3
298 302 3
298 340 3
298 381 4
298 425 3
298 435 4
298 443 3
298 447 4
298 449 3
298 464 4
298 474 4
298 475 3
298 483 4
298 484 4
298 486 3
298 489 3
298 512 5
298 514 3
298 515 4
298 522 5
298 525 4
298 538 3
298 548 5
298 554 2
298 558 3
298 591 3
298 594 3
298 603 4
298 631 3
298 649 4
298 652 4
298 656 4
298 664 3
298 675 4
298 693 3
298 754 3
298 772 3
298 806 3
298 887 2
298 919 3
298 922 2
298 985 2
299 8 4
299 11 5
299 12 5
299 50 5
299 87 5
299 97 4
299 117 4
299 127 5
299 132 5
299 136 5
299 153 4
299 157 4
299 176 4
299 177 4
299 181 5
299 182 5
299 183 5
299 191 5
299 193 5
299 194 5
299 198 4
299 202 4
299 207 4
299 210 5
299 213 5
299 215 4
299 238 4
299 251 4
299 271 3
299 272 5
299 275 4
299 295 3
299 300 4
299 301 4
299 307 4
299 312 4
299 313 5
299 318 5
299 326 3
299 357 5
299 414 4
299 425 4
299 463 5
299 474 5
299 482 4
299 483 5
299 484 5
299 486 4
299 497 5
299 511 5
299 516 4
299 520 5
299 521 4
299 530 5
299 539 3
299 605 4
299 651 5
299 657 5
299 661 5
299 663 4
299 664 4
299 690 3
299 692 4
299 742 4
299 750 5
299 879 4
299 886 5
299 887 5
299 902 4
300 1 4
300 3 2
300 8 4
300 9 4
300 25 3
300 28 3
300 30 3
300 39 2
300 42 3
300 43 2
300 44 3
300 45 3
300 50 4
300 56 4
300 58 3
300 61 3
300 62 3
300 69 3
300 70 3
300 72 3
300 83 3
300 88 3
300 89 3
300 94 3
300 97 3
300 98 4
300 100 4
300 111 3
300 116 4
300 118 3
300 120 2
300 125 3
300 129 3
300 133 3
300 135 4
300 143 3
300 147 3
300 159 4
300 164 4
300 172 4
300 175 3
300 179 3
300 181 3
300 196 4
300 202 3
300 204 4
300 208 4
300 210 4
300 211 4
300 216 4
300 217 2
300 223 4
300 234 4
300 235 2
300 237 3
300 238 3
300 244 3
300 245 3
300 246 3
300 250 3
300 252 4
300 255 2
300 257 3
300 258 3
300 268 3
300 274 3
300 275 4
300 276 3
300 281 3
300 282 3
300 283 3
300 284 2
300 285 4
300 287 3
300 294 3
300 298 3
300 300 3
300 301 2
300 304 3
300 316 4
300 325 2
300 381 3
300 386 2
300 387 2
300 393 3
300 396 3
300 405 3
300 407 2
300 412 2
300 421 3
300 448 2
300 464 4
300 469 3
300 471 3
300 472 2
300 475 3
300 476 2
300 498 4
300 509 3
300 514 4
300 517 4
300 522 4
300 529 3
300 531 4
300 535 2
300 553 3
300 559 2
300 568 3
300 569 3
300 584 3
300 611 3
300 619 3
300 639 3
300 640 3
300 660 3
300 662 3
300 665 3
300 699 3
300 708 3
300 709 4
300 714 3
300 721 3
300 729 3
300 735 3
300 739 3
300 742 3
300 762 3
300 768 3
300 775 3
300 780 3
300 781 3
300 815 3
300 821 2
300 827 2
300 836 3
300 845 3
300 930 2
300 964 2
300 971 3
300 988 3
300 996 3
